//----------------------------------------------------------------------
// スクリプト : mob_job
//----------------------------------------------------------------------
//------------------------------
// 初心者修練場
//------------------------------
new_1-3.gat,0,0,0,0	monster	ファブル	1184,40,0,0,0
//------------------------------
// シーフ転職クエスト
//------------------------------
job_thief1.gat,0,0,0,0	monster	キノコ	1182,180,0,0,0
job_thief1.gat,0,0,0,0	monster	ファブル	1184,50,0,0,0
job_thief1.gat,0,0,0,0	monster	チョンチョン	1183,50,0,0,0
job_thief1.gat,0,0,0,0	monster	スポア	1014,30,0,0,0
//------------------------------
// 剣士転職クエスト
//------------------------------
job_sword1.gat.gat,35,78,0,0	monster	ファブル	1184,3,60000,30000,0
job_sword1.gat.gat,50,108,0,0	monster	ファブル	1184,3,60000,30000,0
job_sword1.gat.gat,61,28,0,0	monster	ファブル	1184,3,60000,30000,0
job_sword1.gat.gat,61,92,0,0	monster	ファブル	1184,3,60000,30000,0
//
job_sword1.gat.gat,110,112,0,0	monster	ファブル	1184,2,60000,30000,0
job_sword1.gat.gat,161,94,0,0	monster	ファブル	1184,2,60000,30000,0
job_sword1.gat.gat,130,76,0,0	monster	ファブル	1184,2,60000,30000,0
job_sword1.gat.gat,103,58,0,0	monster	ファブル	1184,2,60000,30000,0
job_sword1.gat.gat,130,24,0,0	monster	ファブル	1184,5,60000,30000,0
//
job_sword1.gat.gat,201,36,0,0	monster	ファブル	1184,2,60000,30000,0
job_sword1.gat.gat,201,16,0,0	monster	ファブル	1184,2,60000,30000,0
job_sword1.gat.gat,239,44,0,0	monster	ファブル	1184,3,60000,30000,0
job_sword1.gat.gat,239,76,0,0	monster	ファブル	1184,2,60000,30000,0
job_sword1.gat.gat,231,101,0,0	monster	ファブル	1184,2,60000,30000,0
job_sword1.gat.gat,234,117,0,0	monster	ファブル	1184,2,60000,30000,0
job_sword1.gat.gat,198,91,0,0	monster	ファブル	1184,2,60000,30000,0
job_sword1.gat.gat,200,63,0,0	monster	ファブル	1184,2,60000,30000,0
//------------------------------
// マジシャン転職クエスト
//------------------------------
// 2f
gef_tower.gat,48,101,0,0	monster	エルダーウィロー	1033,3,5000,2000,1
gef_tower.gat,48,95,0,0	monster	ヨーヨー	1057,3,5000,2000,1
gef_tower.gat,54,101,0,0	monster	スチールチョンチョン	1042,3,5000,2000,1
// 3f
gef_tower.gat,51,41,0,0	monster	エルダーウィロー	1033,3,5000,2000,1
gef_tower.gat,53,27,0,0	monster	ヨーヨー	1057,3,5000,2000,1
gef_tower.gat,36,40,0,0	monster	スチールチョンチョン	1042,3,5000,2000,1
// 4f
gef_tower.gat,119,169,0,0	monster	エルダーウィロー	1033,3,5000,2000,1
gef_tower.gat,112,160,0,0	monster	ヨーヨー	1057,3,5000,2000,1
gef_tower.gat,104,170,0,0	monster	スチールチョンチョン	1042,3,5000,2000,1
gef_tower.gat,112,172,0,0	monster	ヒドラ	1068,3,5000,2000,1
// 5f
gef_tower.gat,106,107,0,0	monster	エルダーウィロー	1033,3,5000,2000,1
gef_tower.gat,111,106,0,0	monster	ヨーヨー	1057,3,5000,2000,1
gef_tower.gat,113,116,0,0	monster	スチールチョンチョン	1042,3,5000,2000,1
gef_tower.gat,111,105,0,0	monster	ヒドラ	1068,3,5000,2000,1
// 6f
gef_tower.gat,108,65,0,0	monster	エルダーウィロー	1033,3,5000,2000,1
gef_tower.gat,112,73,0,0	monster	ヨーヨー	1057,3,5000,2000,1
gef_tower.gat,118,63,0,0	monster	スチールチョンチョン	1042,3,5000,2000,1
gef_tower.gat,107,61,0,0	monster	ヒドラ	1068,3,5000,2000,1
