// 0 - novice, 1 - swordman, 2 - mage, 3 - archer, 4 - acolyte, 5 - merchant, 6 - thief,
// 7 - knight, 8 - priest, 9 - wizard, 10 - blacksmith, 11 - hunter, 12 - assassin, 13 - peco ride knight,
// 14 - crusader, 15 - monk, 16 - sage, 17 - rouge, 18 - alchemist, 19 - bard, 20 - dancer, 21 - peco ride crusader
// ペコペコに乗った場合の物は未実装(て言うか本鯖にも適用されてませんが,,,)
// 装備職業が99の場合は全ての職業が装備できる物になる
// アイテム番号,アイテム名前(ダミー),装備職業1,装備職業2,装備職業3, ...... ,装備職業22
// ID,Name,equip class1,equip class2,equip class3, ...... ,equip class22
1101,Sword,0,1,7,14,5,10,18,6,12,17,23
1102,Sword_,0,1,7,14,5,10,18,6,12,17,23
1103,Sword__,0,1,7,14,5,10,18,6,12,17,23
1104,Falchion,0,1,7,14,5,10,18,6,12,17,23
1105,Falchion_,0,1,7,14,5,10,18,6,12,17,23
1106,Falchion__,0,1,7,14,5,10,18,6,12,17,23
1107,Blade,0,1,7,14,5,10,18,6,12,17,23
1108,Blade_,0,1,7,14,5,10,18,6,12,17,23
1109,Blade__,0,1,7,14,5,10,18,6,12,17,23
1110,Lapier,0,1,7,14,5,10,18,6,12,17,23
1111,Lapier_,0,1,7,14,5,10,18,6,12,17,23
1112,Lapier__,0,1,7,14,5,10,18,6,12,17,23
1113,Scimiter,0,1,7,14,5,10,18,6,12,17,23
1114,Scimiter_,0,1,7,14,5,10,18,6,12,17,23
1115,Scimiter__,0,1,7,14,5,10,18,6,12,17,23
1116,Katana,1,7,14
1117,Katana_,1,7,14
1118,Katana__,1,7,14
1119,Tsurugi,1,7,14,5,10,18,6,12,17
1120,Tsurugi_,1,7,14,5,10,18,6,12,17
1121,Tsurugi__,1,7,14,5,10,18,6,12,17
1122,Ring_pommel_Saber,1,7,14,5,10,18,6,12,17
1123,Haedonggum,1,7,14,5,10,18,6,12,17
1124,Orcish_sword,0,1,7,14,5,10,18,6,12,17
1125,Ring_pommel_Saber_,1,7,14,5,10,18,6,12,17
1126,Saber,1,7,14,5,10,18,6,12,17
1127,Saber_,1,7,14,5,10,18,6,12,17
1128,Hae_Dong_Gum_,1,7,14,5,10,18,6,12,17
1129,Flamberge,7,14
1130,Nagan,1,7,14,5,10,18,6,12,17
1131,Ice_Falchon,1,7,14,5,10,18,6,12,17
1132,Edge,1,7,14,5,10,18,6,12,17
1133,Fire_brand,1,7,14,5,10,18,6,12,17
1134,Scissores_Sword,1,7,14,5,10,18,6,12,17
1135,Cutlas,1,7,14,5,10,18,6,12,17
1136,Solar_Sword,1,7,14,5,10,18,6,12,17
1137,Excalibur,1,7,14,5,10,18,6,12,17
1138,Mysteltainn_,1,7,14,5,10,18,6,12,17
1139,Tale_Fing,1,7,14,5,10,18,6,12,17
1140,Byeorrun_Gum,1,7,14,5,10,18,6,12,17
1141,Immaterial_Sword,1,7,14,5,10,18,6,12,17
1142,Jewel_Sword,0,1,7,14,5,10,18,6,12,17,23
1143,Gaia_Sword,0,1,7,14,5,10,18,6,12,17,23
1144,Sashimi,刺身包丁,0,1,7,14,5,10,18,6,12,17,23
1145,Holy_Avenger,14
1151,Slayer,1,7,14
1152,Slayer_,1,7,14
1153,Slayer__,1,7,14
1154,Bastard_Sword,1,7,14
1155,Bastard_Sword_,1,7,14
1156,Bastard_Sword__,1,7,14
1157,Two_hand_Sword,1,7,14
1158,Two_hand_Sword_,1,7,14
1159,Two_hand_Sword__,1,7,14
1160,Broad_Sword,1,7,14
1161,Balmung,99
1162,Broad_Sword_,1,7,14
1163,Claymore,7,14
1164,Muramasa,1,7,14
1165,Masamune,1,7,14
1166,Dragon_Slayer,1,7,14
1167,Schweizersabel,1,7,14
1168,Zweihander,1,7,14
1169,Executioner_,1,7,14
1170,Katzbalger,1,7,14
1201,Knife,0,1,7,14,2,9,16,3,11,19,20,5,10,18,6,12,17,23
1202,Knife_,0,1,7,14,2,9,16,3,11,19,20,5,10,18,6,12,17,23
1203,Knife__,0,1,7,14,2,9,16,3,11,19,20,5,10,18,6,12,17,23
1204,Cutter,0,1,7,14,2,9,16,3,11,19,20,5,10,18,6,12,17,23
1205,Cutter_,0,1,7,14,2,9,16,3,11,19,20,5,10,18,6,12,17,23
1206,Cutter__,0,1,7,14,2,9,16,3,11,19,20,5,10,18,6,12,17,23
1207,Main_gauche,0,1,7,14,2,9,16,3,11,19,20,5,10,18,6,12,17,23
1208,Main_gauche_,0,1,7,14,2,9,16,3,11,19,20,5,10,18,6,12,17,23
1209,Main_gauche__,0,1,7,14,2,9,16,3,11,19,20,5,10,18,6,12,17,23
1210,Dirk,0,1,7,14,2,9,16,3,11,19,20,5,10,18,6,12,17,23
1211,Dirk_,0,1,7,14,2,9,16,3,11,19,20,5,10,18,6,12,17,23
1212,Dirk__,0,1,7,14,2,9,16,3,11,19,20,5,10,18,6,12,17,23
1213,Dagger,0,1,7,14,2,9,16,3,11,19,20,5,10,18,6,12,17,23
1214,Dagger_,0,1,7,14,2,9,16,3,11,19,20,5,10,18,6,12,17,23
1215,Dagger__,0,1,7,14,2,9,16,3,11,19,20,5,10,18,6,12,17,23
1216,Stiletto,0,1,7,14,2,9,16,3,11,19,20,5,10,18,6,12,17,23
1217,Stiletto_,0,1,7,14,2,9,16,3,11,19,20,5,10,18,6,12,17,23
1218,Stiletto__,0,1,7,14,2,9,16,3,11,19,20,5,10,18,6,12,17,23
1219,Gladius,1,7,14,2,9,16,3,11,19,20,5,10,18,6,12,17
1220,Gladius_,1,7,14,2,9,16,3,11,19,20,5,10,18,6,12,17
1221,Gladius__,1,7,14,2,9,16,3,11,19,20,5,10,18,6,12,17
1222,Damascus,1,7,14,2,9,16,3,11,19,20,5,10,18,6,12,17
1223,Forturn_Sword,1,7,14,2,9,16,3,11,19,20,5,10,18,6,12,17
1224,Sword_Breaker,1,7,14,2,9,16,3,11,19,20,5,10,18,6,12,17
1225,Mail_Breaker,1,7,14,2,9,16,3,11,19,20,5,10,18,6,12,17
1226,Damascus_,1,7,14,2,9,16,3,11,19,20,5,10,18,6,12,17
1227,Weeder_Knife,1,7,14,2,9,16,3,11,19,20,5,10,18,6,12,17
1228,Combat_Knife,1,7,14,2,9,16,3,11,19,20,5,10,18,6,12,17
1229,Mama's_Knife,1,7,14,2,9,16,3,11,19,20,5,10,18,6,12,17
1230,House_Auger,1,7,14,2,9,16,3,11,19,20,5,10,18,6,12,17
1231,Bazerald,1,7,14,2,9,16,3,11,19,20,5,10,18,6,12,17
1232,Assasin_Dagger,12
1233,Exercise,1,7,14,2,9,16,3,11,19,20,5,10,18,6,12,17
1234,Moonlight_Sword,1,7,14,2,9,16,3,11,19,20,5,10,18,6,12,17
1235,Azoth,18
1236,Sucsamad,1,7,14,2,9,16,3,11,19,20,5,10,18,6,12,17
1237,Grimtooth,1,7,14,2,9,16,3,11,19,20,5,10,18,6,12,17
1238,Meni_Knife,1,7,14,2,9,16,3,11,19,20,5,10,18,6,12,17
1239,Poison_Knife,1,7,14,2,9,16,3,11,19,20,5,10,18,6,12,17
1240,Taxsu_Knife,1,7,14,2,9,16,3,11,19,20,5,10,18,6,12,17
1241,Cursed_Dagger,2,9,16
1242,Counter_Dagger,2,9,16
1243,Main_Gauche_For_Novice,23
1250,Jur,12
1251,Jur_,12
1252,Katar,12
1253,Katar_,12
1254,Jamadhar,12
1255,Jamadhar_,12
1256,Katar_of_Cold_Icicle,12
1257,Katar_of_Thornbush,12
1258,Katar_of_Raging_Blaze,12
1259,Katar_of_Piercing_Wind,12
1260,Ghoul_Leg,12
1261,Infiltrator,12
1301,Axe,0,1,7,14,5,10,18,6,12,17,23
1302,Axe_,0,1,7,14,5,10,18,6,12,17,23
1303,Axe__,0,1,7,14,5,10,18,6,12,17,23
1304,Orcish_Axe,0,1,7,14,5,10,18,6,12,17,23
1305,Cleaver,1,7,14,5,10,18
1306,We_Misfortune,10,18
1351,Battle_Axe,1,7,14,5,10,18
1352,Battle_Axe_,1,7,14,5,10,18
1353,Battle_Axe__,1,7,14,5,10,18
1354,Hammer,1,7,14,5,10,18
1355,Hammer_,1,7,14,5,10,18
1356,Hammer__,1,7,14,5,10,18
1357,Buster,1,7,14,5,10,18
1358,Buster_,1,7,14,5,10,18
1359,Buster__,1,7,14,5,10,18
1360,Two_handed_Axe,1,7,14,5,10,18
1361,Two_handed_Axe_,1,7,14,5,10,18
1362,Two_handed_Axe__,1,7,14,5,10,18
1363,Brood_Axe,1,7,14,5,10,18
1364,Great_Axe,1,7,14,5,10,18
1365,Sabbath,1,7,14,5,10,18
1366,Right_Epsilon,1,7,14,5,10,18
1367,Slaughter,1,7,14,5,10,18
1368,Tomahawk,1,7,14,5,10,18
1369,Guillotine,1,7,14,5,10,18
1401,Javelin,1,7,14
1402,Javelin_,1,7,14
1403,Javelin__,1,7,14
1404,Spear,1,7,14
1405,Spear_,1,7,14
1406,Spear__,1,7,14
1407,Pike,1,7,14
1408,Pike_,1,7,14
1409,Pike__,1,7,14
1410,Lance,1,7,14
1411,Lance_,1,7,14
1412,Lance__,1,7,14
1413,Gungnir,1,7,14
1414,Gelerdria,1,7,14
1415,Skewer,1,7,14
1416,Tjungkuletti,1,7,14
1417,Pawl_Misfortune,1,7,14
1451,Guisarme,1,7,14
1452,Guisarme_,1,7,14
1453,Guisarme__,1,7,14
1454,Glaive,1,7,14
1455,Glaive_,1,7,14
1456,Glaive__,1,7,14
1457,Partizan,1,7,14
1458,Partizan_,1,7,14
1459,Partizan__,1,7,14
1460,Trident,1,7,14
1461,Trident_,1,7,14
1462,Trident__,1,7,14
1463,Halberd,1,7,14
1464,Halberd_,1,7,14
1465,Halberd__,1,7,14
1466,Crescent_Scythe,1,7,14
1467,Bill_Guisarme,1,7,14
1468,Zephyrus,1,7,14
1469,Longinus's_Spear,1,7,14
1470,Brionac,1,7,14
1471,Hell_fire,1,7,14
1472,Staff_of_Soul,2,9,16
1473,Wizard_Staff,2,9,16
1501,Club,0,1,7,14,4,8,15,5,10,18,23
1502,Club_,0,1,7,14,4,8,15,5,10,18,23
1503,Club__,0,1,7,14,4,8,15,5,10,18,23
1504,Mace,0,1,7,14,4,8,15,5,10,18,23
1505,Mace_,0,1,7,14,4,8,15,5,10,18,23
1506,Mace__,0,1,7,14,4,8,15,5,10,18,23
1507,Smasher,0,1,7,14,4,8,15,5,10,18,23
1508,Smasher_,0,1,7,14,4,8,15,5,10,18,23
1509,Smasher__,0,1,7,14,4,8,15,5,10,18,23
1510,Flail,1,7,14,4,8,15,5,10,18
1511,Flail_,1,7,14,4,8,15,5,10,18
1512,Flail__,1,7,14,4,8,15,5,10,18
1513,Morning_Star,1,7,14,4,8,15,5,10,18
1514,Morning_Star_,1,7,14,4,8,15,5,10,18
1515,Morning_Star__,1,7,14,4,8,15,5,10,18
1516,Sword_Mace,1,7,14,4,8,15,5,10,18
1517,Sword_Mace_,1,7,14,4,8,15,5,10,18
1518,Sword_Mace__,1,7,14,4,8,15,5,10,18
1519,Chain,1,7,14,4,8,15,5,10,18
1520,Chain_,1,7,14,4,8,15,5,10,18
1521,Chain__,1,7,14,4,8,15,5,10,18
1522,Stunner,4,8,15
1523,Spike,4,8,15
1524,Golden_Mace,4,8,15
1525,Long_Mace,4,8,15
1526,Slash,4,8,15
1527,Quadrille,4,8,15
1528,Grand_Cross,4,8,15
1529,Slang_Driver,8,15
1530,Myolnilu,99
1531,Spanner,4,8,15
1550,Book,8,16
1551,Bible,8,16
1552,Tablet,8,16
1553,Book_of_Billows,8,16
1554,Book_of_Mother_Earth,8,16
1555,Book_of_Blazing_Sun,8,16
1556,Book_of_Gust_of_Wind,8,16
1557,Book_of_the_Apocalypse,8,16
1558,Girl's_Diary,8,16
1599,Angra_Manyu,99
1601,Rod,0,2,9,16,4,8,15
1602,Rod_,0,2,9,16,4,8,15
1603,Rod__,0,2,9,16,4,8,15
1604,Wand,0,2,9,16,4,8,15
1605,Wand_,0,2,9,16,4,8,15
1606,Wand__,0,2,9,16,4,8,15
1607,Staff,2,9,16,4,8,15
1608,Staff_,2,9,16,4,8,15
1609,Staff__,2,9,16,4,8,15
1610,Arc_Wand,2,9,16,4,8,15
1611,Arc_Wand_,2,9,16,4,8,15
1612,Arc_Wand__,2,9,16,4,8,15
1613,Mighty_Staff,2,9,16,4,8,15
1614,Blessed_Wand,2,9,16,4,8,15
1615,Bone_Wand,2,9,16,4,8,15
1701,Bow,3,11,19,20,6,17
1702,Bow_,3,11,19,20,6,17
1703,Bow__,3,11,19,20,6,17
1704,Composite_Bow,3,11,19,20,6,17
1705,Composite_Bow_,3,11,19,20,6,17
1706,Composite_Bow__,3,11,19,20,6,17
1707,Great_Bow,3,11,19,20,6,17
1708,Great_Bow_,3,11,19,20,6,17
1709,Great_Bow__,3,11,19,20,6,17
1710,CrossBow,3,11,19,20,6,17
1711,CrossBow_,3,11,19,20,6,17
1712,CrossBow__,3,11,19,20,6,17
1713,Arbalest,3,11,19,20,6,17
1714,Kakkung,3,11,19,20,6,17
1715,Arbalest_,3,11,19,20,6,17
1716,Kakkung_,3,11,19,20,6,17
1718,Hunter_Bow,11
1719,Bow_of_Roguemaster,6
1720,Bow_of_Rudra,3,11,19,20,17
1721,Repeating_Crossbow,6,11,17
1722,Ballista,バリスタ,11,19,20
1801,Waghnakh,8,15
1802,Waghnakh_,8,15
1803,Knuckle_Duster,8,15
1804,Knuckle_Duster_,8,15
1805,Hora,8,15
1806,Hora_,8,15
1807,Fist,8,15
1808,Fist_,8,15
1809,Claw,8,15
1810,Claw_,8,15
1811,Finger,8,15
1812,Finger_,8,15
1813,Kaiser_Knuckle,8,15
1814,Berserk,8,15
1901,Violin,19
1902,Violin_,19
1903,Mandolin,19
1904,Mandolin_,19
1905,Lute,19
1906,Lute_,19
1907,Guitar,19
1908,Guitar_,19
1909,Harp,19
1910,Harp_,19
1911,Guh_Moon_Goh,19
1912,Guh_Moon_Goh_,19
1950,Rope,20
1951,Rope_,20
1952,Line,20
1953,Line_,20
1954,Wire,20
1955,Wire_,20
1956,Rante,20
1957,Rante_,20
1958,Tail,20
1959,Tail_,20
1960,Whip,20
1961,Whip_,20
1962,Lariat,20
1963,Rapture_Rose,20
1964,Chemeti,20
2101,Guard,99
2102,Guard_,99
2103,Buckler,1,7,14,4,8,15,5,10,18,6,12,17,19,20
2104,Buckler_,1,7,14,4,8,15,5,10,18,6,12,17,19,20
2105,Shield,1,7,14
2106,Shield_,1,7,14
2107,Mirror_Shield,1,7,14
2108,Mirror_Shield_,1,7,14
2109,Memory's_book,2,9,16
2110,Holy_Guard,14
2111,Messenger_of_God,14
2112,Guard_For_Novice,23
2199,Ahuramazda,アフラマズダー,99
2201,Sunglasses,99
2202,Sunglasses_,99
2203,Glasses,99
2204,Glasses_,99
2205,Diver's_Goggles,99
2206,Wedding_Veil,99
2207,Fancy_Flower,99
2208,Ribbon,99
2209,Ribbon_,99
2210,Hair_Band,99
2211,Bandana,99
2212,Eye_Bandage,99
2213,Cat_Hairband,99
2214,Bunny_Band,99
2215,Flower_Hairband,99
2216,Biretta,4,8,15
2217,Biretta_,4,8,15
2218,Flu_Mask,99
2219,Flu_Mask_,99
2220,Hat,99
2221,Hat_,99
2222,Turban,1,2,3,4,5,6,7,8,9,10,11,12,14,15,16,17,18,19,20
2223,Turban_,1,2,3,4,5,6,7,8,9,10,11,12,14,15,16,17,18,19,20
2224,Goggle,1,7,14,5,10,18,3,11,19,20,6,12,17
2225,Goggle_,1,7,14,5,10,18,3,11,19,20,6,12,17
2226,Cap,1,7,14,5,10,18,3,11,19,20,6,12,17
2227,Cap_,1,7,14,5,10,18,3,11,19,20,6,12,17
2228,Helm,1,7,14
2229,Helm_,1,7,14
2230,Gemmed_Sallet,1,7,14,5,10,18,6,12,17
2231,Gemmed_Sallet_,1,7,14,5,10,18,6,12,17
2232,Circlet,2,9,16,4,8,15
2233,Circlet_,2,9,16,4,8,15
2234,Tiara,1,2,3,4,5,6,7,8,9,10,11,12,14,15,16,17,18,19,20
2235,Crown,1,2,3,4,5,6,7,8,9,10,11,12,14,15,16,17,18,19,20
2236,Santa's_Hat,99
2237,Weird_Goatee,99
2238,Weird_Moustache,99
2239,One_Eyed_Glass,99
2240,Beard,99
2241,Granpa_Beard,99
2242,Luxury_Sunglasses,99
2243,Spinning_Eyes,99
2244,Big_Sis'_Ribbon,1,2,3,4,5,6,7,8,9,10,11,12,14,15,16,17,18,19,20
2245,Sweet_Gents,1,2,3,4,5,6,7,8,9,10,11,12,14,15,16,17,18,19,20
2246,Golden_Gear,1,2,3,4,5,6,7,8,9,10,11,12,14,15,16,17,18,19,20
2247,Oldman's_Romance,1,2,3,4,5,6,7,8,9,10,11,12,14,15,16,17,18,19,20
2248,Western_Grace,1,2,3,4,5,6,7,8,9,10,11,12,14,15,16,17,18,19,20
2249,Coronet,1,2,3,4,5,6,7,8,9,10,11,12,14,15,16,17,18,19,20
2250,Fillet,1,2,3,4,5,6,7,8,9,10,11,12,14,15,16,17,18,19,20
2251,Holy_Bonnet,4,8,15
2252,Star_Sparkling,2,9,16
2253,Sunflower,99
2254,Angelic_Chain,1,2,3,4,5,6,7,8,9,10,11,12,14,15,16,17,18,19,20
2255,Satanic_Chain,1,2,3,4,5,6,7,8,9,10,11,12,14,15,16,17,18,19,20
2256,Magestic_Goat,1,7,14,5,10,18
2257,Snowy_Horn,99
2258,Sharp_Gear,1,7,14,4,8,15,5,10,18,6,12,17
2259,Mini_Propeller,99
2260,Mini_Glasses,1,2,3,4,5,6,7,8,9,10,11,12,14,15,16,17,18,19,20
2261,Prontera_Army_Cap,1,7,14,5,10,18,6,12,17
2262,Pierrot_Nose,99
2263,Gangster_Patch,1,2,3,4,5,6,7,8,9,10,11,12,14,15,16,17,18,19,20
2264,Munak_Turban,99
2265,Ganster_Mask,99
2266,Iron_Cane,1,7,14
2267,Cigar,1,2,3,4,5,6,7,8,9,10,11,12,14,15,16,17,18,19,20
2268,Smoking_Pipe,1,2,3,4,5,6,7,8,9,10,11,12,14,15,16,17,18,19,20
2269,Centimental_Flower,1,2,3,4,5,6,7,8,9,10,11,12,14,15,16,17,18,19,20
2270,Centimental_Leaf,1,2,3,4,5,6,7,8,9,10,11,12,14,15,16,17,18,19,20
2271,Jack_a_Dandy,1,2,3,4,5,6,7,8,9,10,11,12,14,15,16,17,18,19,20
2272,Stop_Post,99
2273,Doctor_Cap,1,2,3,4,5,6,7,8,9,10,11,12,14,15,16,17,18,19,20
2274,Ghost_Bandana,1,2,3,4,5,6,7,8,9,10,11,12,14,15,16,17,18,19,20
2275,Red_Bandana,99
2276,Eagle_Eyes,99
2277,Nurse_Cap,4,8,15
2278,Mr_Smile,99
2279,Bomb_Wick,99
2280,Sahkkat,99
2281,Phantom_of_Opera,1,2,3,4,5,6,7,8,9,10,11,12,14,15,16,17,18,19,20
2282,Spirit_Chain,99
2283,Ear_Mufs,99
2284,Antler,1,2,3,4,5,6,7,8,9,10,11,12,14,15,16,17,18,19,20
2285,Apple_Of_Archer,1,2,3,4,5,6,7,8,9,10,11,12,14,15,16,17,18,19,20
2286,Elven_Ears,1,2,3,4,5,6,7,8,9,10,11,12,14,15,16,17,18,19,20
2287,Pirate_Bandana,1,2,3,4,5,6,7,8,9,10,11,12,14,15,16,17,18,19,20
2288,Mr_Scream,1,2,3,4,5,6,7,8,9,10,11,12,14,15,16,17,18,19,20
2289,Poo_Poo_Hat,99
2290,Funeral_Costume,99
2291,Masquerade,1,2,3,4,5,6,7,8,9,10,11,12,14,15,16,17,18,19,20
2292,Welding_Mask,5,10,18
2293,Pretend_Murdered,99
2294,Star_Dust,99
2295,Blinker,1,2,3,4,5,6,7,8,9,10,11,12,14,15,16,17,18,19,20
2296,Binoculars,3,11,19,20
2297,Goblini_Mask,1,2,3,4,5,6,7,8,9,10,11,12,14,15,16,17,18,19,20
2298,Green_Feeler,99
2299,Viking_Helm,1,7,14,5,10,18,6,12,17
2301,Cotton_Shirt,99
2302,Cotton_Shirt_,99
2303,Leather_Jacket,99
2304,Leather_Jacket_,99
2305,Adventure_Suit,99
2306,Adventurere's_Suit_,99
2307,Mantle,1,2,3,4,5,6,7,8,9,10,11,12,14,15,16,17,18,19,20
2308,Mantle_,1,2,3,4,5,6,7,8,9,10,11,12,14,15,16,17,18,19,20
2309,Coat,1,2,3,4,5,6,7,8,9,10,11,12,14,15,16,17,18,19,20
2310,Coat_,1,2,3,4,5,6,7,8,9,10,11,12,14,15,16,17,18,19,20
2311,Mink_Coat,1,2,3,4,5,6,7,8,9,10,11,12,14,15,16,17,18,19,20
2312,Padded_Armor,1,7,14,5,10,18,6,12,17
2313,Padded_Armor_,1,7,14,5,10,18,6,12,17
2314,Chain_Mail,1,7,14,5,10,18,6,12,17
2315,Chain_Mail_,1,7,14,5,10,18,6,12,17
2316,Plate_Armor,1,7,14
2317,Plate_Armor_,1,7,14
2318,Clothes_of_the_Lord,5,10,18
2319,Glittering_Clothes,1,2,3,4,5,6,7,8,9,10,11,12,14,15,16,17,18,19,20
2320,Formal_Suit,1,2,3,4,5,6,7,8,9,10,11,12,14,15,16,17,18,19,20
2321,Silk_Robe,1,7,14,2,9,16,4,8,15,5,10,18
2322,Silk_Robe_,1,7,14,2,9,16,4,8,15,5,10,18
2323,Scapulare,4,8,15
2324,Scapulare_,4,8,15
2325,Saint_Robe,5,10,18,4,8,15
2326,Saint_Robe_,5,10,18,4,8,15
2327,Holy_Robe,4,8,15
2328,Wooden_Mail,1,7,14,5,10,18
2329,Wooden_Mail_,1,7,14,5,10,18
2330,Tights,3,11,19,20
2331,Tights_,3,11,19,20
2332,Silver_Robe,2,9,16
2333,Silver_Robe_,2,9,16
2334,Mage_Coat,2,9,16
2335,Thief_Clothes,6,12,17
2336,Thief_Clothes_,6,12,17
2337,Ninja_Suit,6,12,17
2338,Wedding_Dress,1,2,3,4,5,6,7,8,9,10,11,12,14,15,16,17,18,19,20
2339,G_Strings,99
2340,Novice_Breastplate,23
2341,Full_Plate,14
2342,Full_Plate_,14
2343,Casting_Robe,9,16
2344,Armor_of_Fire,1,7,14,5,10,18
2345,Armor_of_Fire_,1,7,14,5,10,18
2346,Armor_of_Water,1,7,14,5,10,18
2347,Armor_of_Water_,1,7,14,5,10,18
2348,Armor_of_Wind,1,7,14,5,10,18
2349,Armor_of_Wind_,1,7,14,5,10,18
2350,Armor_of_Land,1,7,14,5,10,18
2351,Armor_of_Land_,1,7,14,5,10,18
2352,Armor_For_Novice,0
2401,Sandals,99
2402,Sandals_,99
2403,Shoes,1,2,3,4,5,6,7,8,9,10,11,12,14,15,16,17,18,19,20
2404,Shoes_,1,2,3,4,5,6,7,8,9,10,11,12,14,15,16,17,18,19,20
2405,Boots,1,7,14,3,11,19,20,5,10,18,6,12,17
2406,Boots_,1,7,14,3,11,19,20,5,10,18,6,12,17
2407,Chrystal_Pumps,1,2,3,4,5,6,7,8,9,10,11,12,14,15,16,17,18,19,20
2408,Cuffs,99
2409,Spiky_Heel,1,2,3,4,5,6,7,8,9,10,11,12,14,15,16,17,18,19,20
2410,Sleipnir,99
2411,Greaves,7,14
2412,Greaves_,7,14
2413,Safety_Shoes,1,7,14
2414,Sandal_For_Novice,23
2501,Hood,99
2502,Hood_,99
2503,Muffler,1,2,3,4,5,6,7,8,9,10,11,12,14,15,16,17,18,19,20
2504,Muffler_,1,2,3,4,5,6,7,8,9,10,11,12,14,15,16,17,18,19,20
2505,Manteau,1,7,14,5,10,18,6,12,17
2506,Manteau_,1,7,14,5,10,18,6,12,17
2507,Cape_Of_Ancient_Lord,1,2,3,4,5,6,7,8,9,10,11,12,14,15,16,17,18,19,20
2508,Ragamuffin_Cape,1,2,3,4,5,6,7,8,9,10,11,12,14,15,16,17,18,19,20
2509,Savival_Manteau,2,9,16
2510,Hood_For_Novice,0
2601,Ring,1,2,3,4,5,6,7,8,9,10,11,12,14,15,16,17,18,19,20
2602,Earring,1,2,3,4,5,6,7,8,9,10,11,12,14,15,16,17,18,19,20
2603,Necklace,1,2,3,4,5,6,7,8,9,10,11,12,14,15,16,17,18,19,20
2604,Glove,1,2,3,4,5,6,7,8,9,10,11,12,14,15,16,17,18,19,20
2605,Brooch,1,2,3,4,5,6,7,8,9,10,11,12,14,15,16,17,18,19,20
2607,Clip,99
2608,Rosary,1,2,3,4,5,6,7,8,9,10,11,12,14,15,16,17,18,19,20
2609,Skul_Ring,99
2610,Gold_Ring,99
2611,Silver_Ring,99
2612,Flower_Ring,99
2613,Diamond_Ring,99
2614,an_Eye_of_Dullahan,1,2,3,4,5,6,7,8,9,10,11,12,14,15,16,17,18,19,20
2615,Safety_Ring,1,2,3,4,5,6,7,8,9,10,11,12,14,15,16,17,18,19,20
2616,Critical_Ring,1,2,3,4,5,6,7,8,9,10,11,12,14,15,16,17,18,19,20
2617,Mitten_of_Presbyter,1,2,3,4,5,6,7,8,9,10,11,12,14,15,16,17,18,19,20
2618,Matyr's_Flea_Guard,1,2,3,4,5,6,7,8,9,10,11,12,14,15,16,17,18,19,20
2619,Thimble_Of_Archer,3,11,19,20
2620,Ring_Of_Rogue,6,12,17
2621,Ring_,1,2,3,4,5,6,7,8,9,10,11,12,14,15,16,17,18,19,20
2622,Earring_,1,2,3,4,5,6,7,8,9,10,11,12,14,15,16,17,18,19,20
2623,Necklace_,1,2,3,4,5,6,7,8,9,10,11,12,14,15,16,17,18,19,20
2624,Glove_,1,2,3,4,5,6,7,8,9,10,11,12,14,15,16,17,18,19,20
2625,Brooch_,1,2,3,4,5,6,7,8,9,10,11,12,14,15,16,17,18,19,20
2626,Rosary_,1,2,3,4,5,6,7,8,9,10,11,12,14,15,16,17,18,19,20
2627,Belt_,99
2628,Novice_Armlet,23
2629,Megin,99
2630,Gamen,99
2631,Anyversaly_Ring,99
5001,Headset,1,2,3,4,5,6,7,8,9,10,11,12,14,15,16,17,18,19,20
5002,Gemmed_Crown,1,7,14,5,10,18,6,12,17
5003,Joker_Jester,1,2,3,4,5,6,7,8,9,10,11,12,14,15,16,17,18,19,20
5004,Oxygen_Mask,1,2,3,4,5,6,7,8,9,10,11,12,14,15,16,17,18,19,20
5005,Gas_Mask,1,2,3,4,5,6,7,8,9,10,11,12,14,15,16,17,18,19,20
5006,Machoman_Glasses,1,2,3,4,5,6,7,8,9,10,11,12,14,15,16,17,18,19,20
5007,Loard_Circlet,1,2,3,4,5,6,7,8,9,10,11,12,14,15,16,17,18,19,20
5008,Puppy_Love,1,2,3,4,5,6,7,8,9,10,11,12,14,15,16,17,18,19,20
5009,Safety_Helmet,1,2,3,4,5,6,7,8,9,10,11,12,14,15,16,17,18,19,20
5010,Indian_Hair_Piece,99
5011,Antenna,99
5012,Ph.D_Hat,1,2,3,4,5,6,7,8,9,10,11,12,14,15,16,17,18,19,20
5013,Horn_Of_Lord_Kaho,99
5014,Fin_Helm,1,7,14
5015,Egg_Shell,99
5016,Boy's_Cap,1,2,3,4,5,6,7,8,9,10,11,12,14,15,16,17,18,19,20
5017,Bone_Helm,1,7,14,5,10,18
5018,Feather_Bonnet,3,11,19,20
5019,Corsair,1,2,3,4,5,6,7,8,9,10,11,12,14,15,16,17,18,19,20
5020,Kafra_Hairband,99
5021,Money_Lose_Hat,5,10,18
5022,God_of_Sun,7,8,9,10,11,12,14,15,16,17,18,19,20
5023,Bundle,5,10,18
5024,Cake_Hat,99
5025,Angel_Pitch,7,8,9,10,11,12,14,15,16,17,18,19,20
5026,Chef_Hat,1,2,3,4,5,6,7,8,9,10,11,12,14,15,16,17,18,19,20
5027,Wizard_Hat,2,9,16
5028,Candlelight,99
5029,Spore_Hat,1,2,3,4,5,6,7,8,9,10,11,12,14,15,16,17,18,19,20
5030,Panda_Hat,1,2,3,4,5,6,7,8,9,10,11,12,14,15,16,17,18,19,20
5031,Miner's_Helmet,1,7,14,4,8,15,5,10,18,6,12,17
5032,Outing_Hat,1,2,3,4,5,6,7,8,9,10,11,12,14,15,16,17,18,19,20
5033,Smokie_Hat,1,2,3,4,5,6,7,8,9,10,11,12,14,15,16,17,18,19,20
5034,Bulb_Band,1,2,3,4,5,6,7,8,9,10,11,12,14,15,16,17,18,19,20
5035,Poring_Hat,1,2,3,4,5,6,7,8,9,10,11,12,14,15,16,17,18,19,20
5036,Cross_Headbelt,1,2,3,4,5,6,7,8,9,10,11,12,14,15,16,17,18,19,20
5037,Fruit_Shell,99
5038,Deviruchi_Hat,1,2,3,4,5,6,7,8,9,10,11,12,14,15,16,17,18,19,20
5039,Mottled_Eggshell,99
5040,Ley,99
5041,Heart_Hairpin,99
5042,Chunlee_Hat,1,2,3,4,5,6,7,8,9,10,11,12,14,15,16,17,18,19,20
5043,Opera_Ghost_Mask,1,2,3,4,5,6,7,8,9,10,11,12,14,15,16,17,18,19,20
5044,Wing_Of_Demon,99
5045,Magic_Hat,2,9,16,4,8,15
5046,Bongun_Hat,99
5047,Fashion_Sunglasses,1,2,3,4,5,6,7,8,9,10,11,12,14,15,16,17,18,19,20
5048,Candle,99
5049,Striped_Bandana,99
5050,Mysterious_Fruit_Shell,99
5051,Cat_Drop,99
5052,Blue_Bandana,99
5053,Sphinx_Hat,1,7,14
5054,Assassin_Mask,12
5055,Eggshell_For_Novice,23
