//古木の枝で召喚できるモンスターIDリスト
// クライアント側で未実装のものを書くとクライアントが重力エラー
// そしてその敵がキャラクターの付近にいる間ログインできないので注意。

1001
1002
//1003
1004
1005
//1006
1007
1008
1009
1010
1011
1012
1013
1014
1015
1016
//1017
1018
1019
1020
//1021
1022//ウェアウルフ
1023
1024
1025
1026
1028
//1027
1029
1030
1031
1032
1033
1034
1035
1036
1037
1038
1039
1040
1041
1042
1044
1045
1046
1047
1048
1049
1050
1051
1052
1053
1054
1055
1056
1057
1058
1059
1060
1061
1062 ラフレシア
1063
1064
1065
1066
1067
1068
1069
1070
1071
1072 //カホ
//1073 //クラブ
//1074 //シェルフィッシュ
//1075 //タートル
1076
1077
1078
1079
1080
1081
1083
1084
1085
1086
1087
1088
1089
1090
1091
1092
1093
1094
1095
1096
1097
//1098//アニュビス
1099
1100
1101
1102
1103
1104
1105
1106
1107
1108
1109
1110
1111
1112
1113
1114
1115
1116
1117
1118
1119
1120
1121
1122
1123
1124
1125
1126
1127
1128
1129
1130
1131
1132
1133
1134
1135
//1136//コボルト四男
//1137//コボルト五男
1138
1139
1140
1141
1142
1143
1144
1145
1146
1147
//1148//メデューサ
1149//ミノタウルス
1150
1151
1152
1153
//1154//パサナ
1155
1156
//1157//ファラオ
1158
1159
1160
1161
1162
1163
1164
1165
1166
1167
//1168//スコーピオンキング
1169
1170
//1171 //ソルジャーアンドレ
//1172 //ソルジャーデニーロ
//1173 //ソルジャーピエール
1174
1175
1176
1177
1178
1179
1180
//1181//ドラゴンゾンビ
1182
1183
1184
1185
1186
//1187//スウィッチ
1188
1189
1190
1191
1192
1193
1194
1195
1196
1197
//1198//ダークプリースト
1199
1200
//1201//リヴィオ
//1202//フェンダーク
1203
1204
1205
1206
1207
1208
1209
//1210//フィラメント
1211
1212
1213
1214
1215
1216
1219
//この辺ごっそり未実装っぽい or 召喚する意義が無いっぽい
1242
1243
//1244//クリスマスザック
1245
1246
1247
1248
1249
1250
1251
1252

1253
1254
1255
1256
1257
1258
1259
1260
1261
1262
1263
1264
1265
//1266
1267
1268
1269
1270
1271
1272
1273
1274
1275
1276
1277
1278
1280
1281
1283
//1284-1288 ガーディアンとエンペリウム
1289
1290
1291
1292
1293
1294
1295
1296
1297
1298
1299
1300
1301
1302
1303
1304
1305
1307
1307
1308
1309
1310
1311
1312
1313
1314
1315
1316
1317
1318
1319
1320
1321
1322
1323
//1324-1363 宝箱

