// JobNo,Skill-ID,MaxLV,OSkill-ID-1,OSkill-ID-1-Lv,v5܂ŌJԂ
// Novice
0,1,9,0,0,0,0,0,0,0,0,0,0//NV_BASIC		#{XL#
0,142,1,0,0,0,0,0,0,0,0,0,0//NV_FIRSTAID	#}蓖#
0,143,1,0,0,0,0,0,0,0,0,0,0//NV_TRICKDEAD	#񂾂ӂ#
// Swordman
1,1,9,0,0,0,0,0,0,0,0,0,0//NV_BASIC		#{XL#
1,142,1,0,0,0,0,0,0,0,0,0,0//NV_FIRSTAID	#}蓖#
1,2,10,0,0,0,0,0,0,0,0,0,0//SM_SWORD		#C#
1,3,10,2,1,0,0,0,0,0,0,0,0//SM_TWOHAND		#茕C#
1,4,10,0,0,0,0,0,0,0,0,0,0//SM_RECOVERY		#HP񕜗͌#
1,5,10,0,0,0,0,0,0,0,0,0,0//SM_BASH		#obV#
1,6,10,0,0,0,0,0,0,0,0,0,0//SM_PROVOKE		#v{bN#
1,7,10,5,5,0,0,0,0,0,0,0,0//SM_MAGNUM		#}OiuCN#
1,8,10,6,5,0,0,0,0,0,0,0,0//SM_ENDURE		#CfA#
1,144,1,0,0,0,0,0,0,0,0,0,0//SM_MOVINGRECOVERY	#ړHP#
1,145,1,0,0,0,0,0,0,0,0,0,0//SM_FATALBLOW	#}U#
1,146,1,0,0,0,0,0,0,0,0,0,0//SM_AUTOBERSERK	#I[go[T[N#
// Magican
2,1,9,0,0,0,0,0,0,0,0,0,0//NV_BASIC		#{XL#
2,142,1,0,0,0,0,0,0,0,0,0,0//NV_FIRSTAID	#}蓖#
2,9,10,0,0,0,0,0,0,0,0,0,0//MG_SRECOVERY	#SP񕜗͌#
2,10,1,0,0,0,0,0,0,0,0,0,0//MG_SIGHT		#TCg#
2,11,10,0,0,0,0,0,0,0,0,0,0//MG_NAPALMBEAT	#ip[r[g#
2,12,10,11,7,13,5,0,0,0,0,0,0//MG_SAFETYWALL	#ZCteBEH[#
2,13,10,11,4,0,0,0,0,0,0,0,0//MG_SOULSTRIKE	#\EXgCN#
2,14,10,0,0,0,0,0,0,0,0,0,0//MG_COLDBOLT	#R[h{g#
2,15,10,14,5,0,0,0,0,0,0,0,0//MG_FROSTDIVER	#tXg_Co[#
2,16,10,0,0,0,0,0,0,0,0,0,0//MG_STONECURSE	#Xg[J[X#
2,17,10,19,4,0,0,0,0,0,0,0,0//MG_FIREBALL	#t@CA[{[#
2,18,10,17,5,10,1,0,0,0,0,0,0//MG_FIREWALL	#t@CA[EH[#
2,19,10,0,0,0,0,0,0,0,0,0,0//MG_FIREBOLT	#t@CA[{g#
2,20,10,0,0,0,0,0,0,0,0,0,0//MG_LIGHTNINGBOLT	#CgjO{g#
2,21,10,20,4,0,0,0,0,0,0,0,0//MG_THUNDERSTORM	#T_[Xg[#
2,157,1,0,0,0,0,0,0,0,0,0,0//MG_ENERGYCOAT	#GiW[R[g#
// Archer
3,1,9,0,0,0,0,0,0,0,0,0,0//NV_BASIC		#{XL#
3,142,1,0,0,0,0,0,0,0,0,0,0//NV_FIRSTAID	#}蓖#
3,43,10,0,0,0,0,0,0,0,0,0,0//AC_OWL		#ӂ낤̖#
3,44,10,43,3,0,0,0,0,0,0,0,0//AC_VULTURE	#V̖#
3,45,10,44,1,0,0,0,0,0,0,0,0//AC_CONCENTRATION	#W͌#
3,46,10,0,0,0,0,0,0,0,0,0,0//AC_DOUBLE		#_uXgCtBO#
3,47,10,46,5,0,0,0,0,0,0,0,0//AC_SHOWER		#A[V[#
3,147,1,0,0,0,0,0,0,0,0,0,0//AC_MAKINGARROW	#쐬#
3,148,1,0,0,0,0,0,0,0,0,0,0//AC_CHARGEARROW	#`[WA[#
// Acolyte
4,1,9,0,0,0,0,0,0,0,0,0,0//NV_BASIC		#{XL#
4,142,1,0,0,0,0,0,0,0,0,0,0//NV_FIRSTAID	#}蓖#
4,22,10,0,0,0,0,0,0,0,0,0,0//AL_DP		#fBoCveNV#
4,23,10,22,3,0,0,0,0,0,0,0,0//AL_DEMONBANE	#f[xC#
4,24,1,0,0,0,0,0,0,0,0,0,0//AL_RUWACH		#At#
4,25,1,27,4,0,0,0,0,0,0,0,0//AL_PNEUMA		#j[}#
4,26,2,24,1,0,0,0,0,0,0,0,0//AL_TELEPORT	#e|[g#
4,27,4,26,2,0,0,0,0,0,0,0,0//AL_WARP		#[v|[^#
4,28,10,0,0,0,0,0,0,0,0,0,0//AL_HEAL		#q[#
4,29,10,28,3,0,0,0,0,0,0,0,0//AL_INCAGI		#x#
4,30,10,29,1,0,0,0,0,0,0,0,0//AL_DECAGI		#x#
4,31,1,0,0,0,0,0,0,0,0,0,0//AL_HOLYWATER	#ANAxlfBN^#
4,32,10,23,3,0,0,0,0,0,0,0,0//AL_CRUCIS		#VOiNVX#
4,33,10,22,3,0,0,0,0,0,0,0,0//AL_ANGELUS	#GWFX#
4,34,10,22,5,0,0,0,0,0,0,0,0//AL_BLESSING	#ubVO#
4,35,1,0,0,0,0,0,0,0,0,0,0//AL_CURE		#LA[#
4,156,1,0,0,0,0,0,0,0,0,0,0//AL_HOLYLIGHT	#z[[Cg#
// Merchant
5,1,9,0,0,0,0,0,0,0,0,0,0//NV_BASIC		#{XL#
5,142,1,0,0,0,0,0,0,0,0,0,0//NV_FIRSTAID	#}蓖#
5,36,10,0,0,0,0,0,0,0,0,0,0//MC_INCCARRY	#Eʑ#
5,37,10,36,3,0,0,0,0,0,0,0,0//MC_DISCOUNT	#fBXJEg#
5,38,10,37,3,0,0,0,0,0,0,0,0//MC_OVERCHARGE	#I[o[`[W#
5,39,10,36,5,0,0,0,0,0,0,0,0//MC_PUSHCART	#vbVJ[g#
5,40,1,0,0,0,0,0,0,0,0,0,0//MC_IDENTIFY		#ACeӒ#
5,41,10,39,3,0,0,0,0,0,0,0,0//MC_VENDING	#IXJ#
5,42,10,0,0,0,0,0,0,0,0,0,0//MC_MAMMONITE	#}[iCg#
5,153,1,0,0,0,0,0,0,0,0,0,0//MC_CARTREVOLUTION	#J[g{[V#
5,154,1,0,0,0,0,0,0,0,0,0,0//MC_CHANGECART	#`FWJ[g#
5,155,1,0,0,0,0,0,0,0,0,0,0//MC_LOUD		#Eh{CX#
// Thief
6,1,9,0,0,0,0,0,0,0,0,0,0//NV_BASIC		#{XL#
6,142,1,0,0,0,0,0,0,0,0,0,0//NV_FIRSTAID	#}蓖#
6,48,10,0,0,0,0,0,0,0,0,0,0//TF_DOUBLE		#_uA^bN#
6,49,10,0,0,0,0,0,0,0,0,0,0//TF_MISS		#𗦑#
6,50,10,0,0,0,0,0,0,0,0,0,0//TF_STEAL		#XeB[#
6,51,10,50,5,0,0,0,0,0,0,0,0//TF_HIDING		#nCfBO#
6,52,10,0,0,0,0,0,0,0,0,0,0//TF_POISON		#Cxi#
6,53,1,52,3,0,0,0,0,0,0,0,0//TF_DETOXIFY	##
6,149,1,0,0,0,0,0,0,0,0,0,0//TF_SPRINKLESAND	#܂#
6,150,1,0,0,0,0,0,0,0,0,0,0//TF_BACKSLIDING	#obNXebv#
6,151,1,0,0,0,0,0,0,0,0,0,0//TF_PICKSTONE	#ΏE#
6,152,1,0,0,0,0,0,0,0,0,0,0//TF_THROWSTONE	#Γ#
// Knight
7,1,9,0,0,0,0,0,0,0,0,0,0//NV_BASIC		#{XL#
7,142,1,0,0,0,0,0,0,0,0,0,0//NV_FIRSTAID	#}蓖#
7,2,10,0,0,0,0,0,0,0,0,0,0//SM_SWORD		#C#
7,3,10,2,1,0,0,0,0,0,0,0,0//SM_TWOHAND		#茕C#
7,4,10,0,0,0,0,0,0,0,0,0,0//SM_RECOVERY		#HP񕜗͌#
7,5,10,0,0,0,0,0,0,0,0,0,0//SM_BASH		#obV#
7,6,10,0,0,0,0,0,0,0,0,0,0//SM_PROVOKE		#v{bN#
7,7,10,5,5,0,0,0,0,0,0,0,0//SM_MAGNUM		#}OiuCN#
7,8,10,6,5,0,0,0,0,0,0,0,0//SM_ENDURE		#CfA#
7,144,1,0,0,0,0,0,0,0,0,0,0//SM_MOVINGRECOVERY	#ړHP#
7,145,1,0,0,0,0,0,0,0,0,0,0//SM_FATALBLOW	#}U#
7,146,1,0,0,0,0,0,0,0,0,0,0//SM_AUTOBERSERK	#I[go[T[N#
7,55,10,0,0,0,0,0,0,0,0,0,0//KN_SPEARMASTERY	#C#
7,56,10,55,1,0,0,0,0,0,0,0,0//KN_PIERCE		#sA[X#
7,57,10,63,1,58,3,0,0,0,0,0,0//KN_BRANDISHSPEAR	#ufBbVXsA#
7,58,10,56,5,0,0,0,0,0,0,0,0//KN_SPEARSTAB	#XsAX^u#
7,59,5,56,3,0,0,0,0,0,0,0,0//KN_SPEARBOOMERANG	#XsAu[#
7,60,10,3,1,0,0,0,0,0,0,0,0//KN_TWOHANDQUICKEN	#c[nhNCbP#
7,61,5,3,1,0,0,0,0,0,0,0,0//KN_AUTOCOUNTER	#I[gJE^[#
7,62,10,5,10,7,3,3,5,60,10,61,5//KN_BOWLINGBASH	#{EOobV#
7,63,1,8,1,0,0,0,0,0,0,0,0//KN_RIDING		#CfBO#
7,64,10,63,1,0,0,0,0,0,0,0,0//KN_CAVALIERMASTERY#RC#
// Priest
8,1,9,0,0,0,0,0,0,0,0,0,0//NV_BASIC		#{XL#
8,142,1,0,0,0,0,0,0,0,0,0,0//NV_FIRSTAID	#}蓖#
8,22,10,0,0,0,0,0,0,0,0,0,0//AL_DP		#fBoCveNV#
8,23,10,22,3,0,0,0,0,0,0,0,0//AL_DEMONBANE	#f[xC#
8,24,1,0,0,0,0,0,0,0,0,0,0//AL_RUWACH		#At#
8,25,1,27,4,0,0,0,0,0,0,0,0//AL_PNEUMA		#j[}#
8,26,2,24,1,0,0,0,0,0,0,0,0//AL_TELEPORT	#e|[g#
8,27,4,26,2,0,0,0,0,0,0,0,0//AL_WARP		#[v|[^#
8,28,10,0,0,0,0,0,0,0,0,0,0//AL_HEAL		#q[#
8,29,10,28,3,0,0,0,0,0,0,0,0//AL_INCAGI		#x#
8,30,10,29,1,0,0,0,0,0,0,0,0//AL_DECAGI		#x#
8,31,1,0,0,0,0,0,0,0,0,0,0//AL_HOLYWATER	#ANAxlfBN^#
8,32,10,23,3,0,0,0,0,0,0,0,0//AL_CRUCIS		#VOiNVX#
8,33,10,22,3,0,0,0,0,0,0,0,0//AL_ANGELUS	#GWFX#
8,34,10,22,5,0,0,0,0,0,0,0,0//AL_BLESSING	#ubVO#
8,35,1,0,0,0,0,0,0,0,0,0,0//AL_CURE		#LA[#
8,156,1,0,0,0,0,0,0,0,0,0,0//AL_HOLYLIGHT	#z[[Cg#
8,9,10,0,0,0,0,0,0,0,0,0,0//MG_SRECOVERY	#SP񕜗͌#
8,12,10,68,4,0,0,0,0,0,0,0,0//MG_SAFETYWALL	#ZCteBEH[#
8,54,4,72,1,9,4,0,0,0,0,0,0//ALL_RESURRECTION	#UNV#
8,65,10,0,0,0,0,0,0,0,0,0,0//PR_MACEMASTERY	#CXC#
8,66,5,0,0,0,0,0,0,0,0,0,0//PR_IMPOSITIO	#C|VeBI}kX#
8,67,3,66,2,0,0,0,0,0,0,0,0//PR_SUFFRAGIUM	#TtME#
8,68,5,31,1,66,3,0,0,0,0,0,0//PR_ASPERSIO	#AXyVI#
8,69,5,75,3,68,5,0,0,0,0,0,0//PR_BENEDICTIO	#̍~#
8,70,10,28,1,0,0,0,0,0,0,0,0//PR_SANCTUARY	#TN`A#
8,71,4,72,1,0,0,0,0,0,0,0,0//PR_SLOWPOISON	#X[|CY#
8,72,1,0,0,0,0,0,0,0,0,0,0//PR_STRECOVERY	#Jo[#
8,73,10,33,2,0,0,0,0,0,0,0,0//PR_KYRIE		#LGGC\#
8,74,5,0,0,0,0,0,0,0,0,0,0//PR_MAGNIFICAT	#}OjtBJ[g#
8,75,5,73,4,74,3,0,0,0,0,0,0//PR_GLORIA		#OA#
8,76,10,24,1,0,0,0,0,0,0,0,0//PR_LEXDIVINA	#bNXfBr[i#
8,77,10,54,1,76,3,0,0,0,0,0,0//PR_TURNUNDEAD	#^[Afbh#
8,78,1,76,5,0,0,0,0,0,0,0,0//PR_LEXAETERNA	#bNXG[ei#
8,79,10,12,1,78,1,77,3,0,0,0,0//PR_MAGNUS	#}OkXGN\VY#
// Wizard
9,1,9,0,0,0,0,0,0,0,0,0,0//NV_BASIC		#{XL#
9,142,1,0,0,0,0,0,0,0,0,0,0//NV_FIRSTAID	#}蓖#
9,9,10,0,0,0,0,0,0,0,0,0,0//MG_SRECOVERY	#SP񕜗͌#
9,10,1,0,0,0,0,0,0,0,0,0,0//MG_SIGHT		#TCg#
9,11,10,0,0,0,0,0,0,0,0,0,0//MG_NAPALMBEAT	#ip[r[g#
9,12,10,11,7,13,5,0,0,0,0,0,0//MG_SAFETYWALL	#ZCteBEH[#
9,13,10,11,4,0,0,0,0,0,0,0,0//MG_SOULSTRIKE	#\EXgCN#
9,14,10,0,0,0,0,0,0,0,0,0,0//MG_COLDBOLT	#R[h{g#
9,15,10,14,5,0,0,0,0,0,0,0,0//MG_FROSTDIVER	#tXg_Co[#
9,16,10,0,0,0,0,0,0,0,0,0,0//MG_STONECURSE	#Xg[J[X#
9,17,10,19,4,0,0,0,0,0,0,0,0//MG_FIREBALL	#t@CA[{[#
9,18,10,17,5,10,1,0,0,0,0,0,0//MG_FIREWALL	#t@CA[EH[#
9,19,10,0,0,0,0,0,0,0,0,0,0//MG_FIREBOLT	#t@CA[{g#
9,20,10,0,0,0,0,0,0,0,0,0,0//MG_LIGHTNINGBOLT	#CgjO{g#
9,21,10,20,4,0,0,0,0,0,0,0,0//MG_THUNDERSTORM	#T_[Xg[#
9,157,1,0,0,0,0,0,0,0,0,0,0//MG_ENERGYCOAT	#GiW[R[g#
9,80,10,18,1,0,0,0,0,0,0,0,0//WZ_FIREPILLAR	#t@CA[s[#
9,81,10,20,1,10,1,0,0,0,0,0,0//WZ_SIGHTRASHER	#TCgbV[#
//9,82,10,0,0,0,0,0,0,0,0,0,0//WZ_FIREIVY	#t@CAACr[#
9,83,10,81,2,0,0,0,0,0,0,0,0//WZ_METEOR		#eIXg[#
9,84,10,11,1,20,1,0,0,0,0,0,0//WZ_JUPITEL	#seT_[#
9,85,10,11,1,21,1,84,5,0,0,0,0//WZ_VERMILION	#[hIu@[~I#
9,86,5,14,1,20,1,0,0,0,0,0,0//WZ_WATERBALL	#EH[^[{[#
9,87,10,16,1,15,1,0,0,0,0,0,0//WZ_ICEWALL	#ACXEH[#
9,88,10,87,1,0,0,0,0,0,0,0,0//WZ_FROSTNOVA	#tXgm@#
9,89,10,15,1,84,3,0,0,0,0,0,0//WZ_STORMGUST	#Xg[KXg#
9,90,5,16,1,0,0,0,0,0,0,0,0//WZ_EARTHSPIKE	#A[XXpCN#
9,91,5,90,3,0,0,0,0,0,0,0,0//WZ_HEAVENDRIVE	#wYhCu#
9,92,5,14,1,91,1,0,0,0,0,0,0//WZ_QUAGMIRE	#N@O}CA#
9,93,1,0,0,0,0,0,0,0,0,0,0//WZ_ESTIMATION	#X^[#
// Blacksmith
10,1,9,0,0,0,0,0,0,0,0,0,0//NV_BASIC		#{XL#
10,142,1,0,0,0,0,0,0,0,0,0,0//NV_FIRSTAID	#}蓖#
10,36,10,0,0,0,0,0,0,0,0,0,0//MC_INCCARRY	#Eʑ#
10,37,10,36,3,0,0,0,0,0,0,0,0//MC_DISCOUNT	#fBXJEg#
10,38,10,37,3,0,0,0,0,0,0,0,0//MC_OVERCHARGE	#I[o[`[W#
10,39,10,36,5,0,0,0,0,0,0,0,0//MC_PUSHCART	#vbVJ[g#
10,40,1,0,0,0,0,0,0,0,0,0,0//MC_IDENTIFY	#ACeӒ#
10,41,10,39,3,0,0,0,0,0,0,0,0//MC_VENDING	#IXJ#
10,42,10,0,0,0,0,0,0,0,0,0,0//MC_MAMMONITE	#}[iCg#
10,153,1,0,0,0,0,0,0,0,0,0,0//MC_CARTREVOLUTION	#J[g{[V#
10,154,1,0,0,0,0,0,0,0,0,0,0//MC_CHANGECART	#`FWJ[g#
10,155,1,0,0,0,0,0,0,0,0,0,0//MC_LOUD		#Eh{CX#
10,94,5,0,0,0,0,0,0,0,0,0,0//BS_IRON		#S#
10,95,5,94,1,0,0,0,0,0,0,0,0//BS_STEEL		#|S#
10,96,5,94,1,0,0,0,0,0,0,0,0//BS_ENCHANTEDSTONE	#ΐ#
10,97,10,96,1,0,0,0,0,0,0,0,0//BS_ORIDEOCON	#IfIR#
10,98,3,0,0,0,0,0,0,0,0,0,0//BS_DAGGER		#Z#
10,99,3,98,1,0,0,0,0,0,0,0,0//BS_SWORD		##
10,100,3,99,1,0,0,0,0,0,0,0,0//BS_TWOHANDSWORD	#茕#
10,101,3,99,2,0,0,0,0,0,0,0,0//BS_AXE		##
10,102,3,103,1,0,0,0,0,0,0,0,0//BS_MACE		#CX#
10,103,3,98,1,0,0,0,0,0,0,0,0//BS_KNUCKLE	#ibN#
10,104,3,98,2,0,0,0,0,0,0,0,0//BS_SPEAR		##
10,105,1,0,0,0,0,0,0,0,0,0,0//BS_HILTBINDING	#qgoCfBO#
10,106,1,95,1,105,1,0,0,0,0,0,0//BS_FINDINGORE	#zΔ#
10,107,10,105,1,0,0,0,0,0,0,0,0//BS_WEAPONRESEARCH#팤#
10,108,1,107,1,0,0,0,0,0,0,0,0//BS_REPAIRWEAPON	#C#
10,109,5,0,0,0,0,0,0,0,0,0,0//BS_SKINTEMPER	#XLepO#
10,110,5,0,0,0,0,0,0,0,0,0,0//BS_HAMMERFALL	#n}[tH[#
10,111,5,110,2,0,0,0,0,0,0,0,0//BS_ADRENALINE	#AhibV#
10,112,5,107,2,111,2,0,0,0,0,0,0//BS_WEAPONPERFECT#EG|p[tFNV#
10,113,5,111,3,0,0,0,0,0,0,0,0//BS_OVERTHRUST	#I[o[gXg#
10,114,5,112,3,113,2,0,0,0,0,0,0//BS_MAXIMIZE	#}LV}CYp[#
// Hunter
11,1,9,0,0,0,0,0,0,0,0,0,0//NV_BASIC		#{XL#
11,142,1,0,0,0,0,0,0,0,0,0,0//NV_FIRSTAID	#}蓖#
11,43,10,0,0,0,0,0,0,0,0,0,0//AC_OWL		#ӂ낤̖#
11,44,10,43,3,0,0,0,0,0,0,0,0//AC_VULTURE	#V̖#
11,45,10,44,1,0,0,0,0,0,0,0,0//AC_CONCENTRATION	#W͌#
11,46,10,0,0,0,0,0,0,0,0,0,0//AC_DOUBLE		#_uXgCtBO#
11,47,10,46,5,0,0,0,0,0,0,0,0//AC_SHOWER	#A[V[#
11,147,1,0,0,0,0,0,0,0,0,0,0//AC_MAKINGARROW	#쐬#
11,148,1,0,0,0,0,0,0,0,0,0,0//AC_CHARGEARROW	#`[WA[#
11,115,5,0,0,0,0,0,0,0,0,0,0//HT_SKIDTRAP	#XLbhgbv#
11,116,5,0,0,0,0,0,0,0,0,0,0//HT_LANDMINE	#h}C#
11,117,5,115,1,0,0,0,0,0,0,0,0//HT_ANKLESNARE	#ANXlA#
11,118,5,117,1,0,0,0,0,0,0,0,0//HT_SHOCKWAVE	#VbNEF[ugbv#
11,119,5,120,1,0,0,0,0,0,0,0,0//HT_SANDMAN	#Th}#
11,120,5,115,1,0,0,0,0,0,0,0,0//HT_FLASHER	#tbV[#
11,121,5,120,1,0,0,0,0,0,0,0,0//HT_FREEZINGTRAP	#t[WOgbv#
11,122,5,116,1,119,1,121,1,0,0,0,0//HT_BLASTMINE#uXg}C#
11,123,5,118,1,122,1,0,0,0,0,0,0//HT_CLAYMORETRAP#NCA[gbv#
11,124,1,116,1,0,0,0,0,0,0,0,0//HT_REMOVETRAP	#[ugbv#
11,125,1,118,1,124,1,0,0,0,0,0,0//HT_TALKIEBOX	#g[L[{bNX#
11,126,10,0,0,0,0,0,0,0,0,0,0//HT_BEASTBANE	#r[XgxC#
11,127,1,126,1,0,0,0,0,0,0,0,0//HT_FALCON	#t@R}X^[#
11,128,10,129,5,0,0,0,0,0,0,0,0//HT_STEELCROW	#X`[NE#
11,129,5,127,1,0,0,0,0,0,0,0,0//HT_BLITZBEAT	#ubcr[g#
11,130,4,45,1,124,1,0,0,0,0,0,0//HT_DETECTING	#fBeNeBO#
11,131,5,124,1,127,1,0,0,0,0,0,0//HT_SPRINGTRAP	#XvOgbv#
// Assassin
12,1,9,0,0,0,0,0,0,0,0,0,0//NV_BASIC		#{XL#
12,142,1,0,0,0,0,0,0,0,0,0,0//NV_FIRSTAID	#}蓖#
12,48,10,0,0,0,0,0,0,0,0,0,0//TF_DOUBLE		#_uA^bN#
12,49,10,0,0,0,0,0,0,0,0,0,0//TF_MISS		#𗦑#
12,50,10,0,0,0,0,0,0,0,0,0,0//TF_STEAL		#XeB[#
12,51,10,50,5,0,0,0,0,0,0,0,0//TF_HIDING	#nCfBO#
12,52,10,0,0,0,0,0,0,0,0,0,0//TF_POISON		#Cxi#
12,53,1,52,3,0,0,0,0,0,0,0,0//TF_DETOXIFY	##
12,149,1,0,0,0,0,0,0,0,0,0,0//TF_SPRINKLESAND	#܂#
12,150,1,0,0,0,0,0,0,0,0,0,0//TF_BACKSLIDING	#obNXebv#
12,151,1,0,0,0,0,0,0,0,0,0,0//TF_PICKSTONE	#ΏE#
12,152,1,0,0,0,0,0,0,0,0,0,0//TF_THROWSTONE	#Γ#
12,132,5,0,0,0,0,0,0,0,0,0,0//AS_RIGHT		#EC#
12,133,5,132,2,0,0,0,0,0,0,0,0//AS_LEFT		#C#
12,134,10,0,0,0,0,0,0,0,0,0,0//AS_KATAR		#J^[C#
12,135,5,51,2,0,0,0,0,0,0,0,0//AS_CLOAKING	#N[LO#
12,136,10,134,4,0,0,0,0,0,0,0,0//AS_SONICBLOW	#\jbNu[#
12,137,5,135,2,136,5,0,0,0,0,0,0//AS_GRIMTOOTH	#OgD[X#
12,138,10,52,1,0,0,0,0,0,0,0,0//AS_ENCHANTPOISON#G`g|CY#
12,139,10,138,3,0,0,0,0,0,0,0,0//AS_POISONREACT	#|CYANg#
12,140,10,138,5,0,0,0,0,0,0,0,0//AS_VENOMDUST	#xi_Xg#
12,141,10,139,5,140,5,0,0,0,0,0,0//AS_SPLASHER	#xiXvbV[#
// Crusader
14,1,9,0,0,0,0,0,0,0,0,0,0//NV_BASIC		#{XL#
14,142,1,0,0,0,0,0,0,0,0,0,0//NV_FIRSTAID	#}蓖#
14,2,10,0,0,0,0,0,0,0,0,0,0//SM_SWORD		#C#
14,3,10,2,1,0,0,0,0,0,0,0,0//SM_TWOHAND		#茕C#
14,4,10,0,0,0,0,0,0,0,0,0,0//SM_RECOVERY	#HP񕜗͌#
14,5,10,0,0,0,0,0,0,0,0,0,0//SM_BASH		#obV#
14,6,10,0,0,0,0,0,0,0,0,0,0//SM_PROVOKE		#v{bN#
14,7,10,5,5,0,0,0,0,0,0,0,0//SM_MAGNUM		#}OiuCN#
14,8,10,6,5,0,0,0,0,0,0,0,0//SM_ENDURE		#CfA#
14,144,1,0,0,0,0,0,0,0,0,0,0//SM_MOVINGRECOVERY	#ړHP#
14,145,1,0,0,0,0,0,0,0,0,0,0//SM_FATALBLOW	#}U#
14,146,1,0,0,0,0,0,0,0,0,0,0//SM_AUTOBERSERK	#I[go[T[N#
14,63,1,8,1,0,0,0,0,0,0,0,0//KN_RIDING		#CfBO#
14,64,10,63,1,0,0,0,0,0,0,0,0//KN_CAVALIERMASTERY#RC#
14,55,10,0,0,0,0,0,0,0,0,0,0//KN_SPEARMASTERY	#C#
14,35,1,248,5,0,0,0,0,0,0,0,0//AL_CURE		#LA[#
14,22,10,35,1,0,0,0,0,0,0,0,0//AL_DP		#fBoCveNV#
14,23,10,22,3,0,0,0,0,0,0,0,0//AL_DEMONBANE	#f[xC#
14,28,10,23,5,0,0,0,0,0,0,0,0//AL_HEAL		#q[#
14,248,10,0,0,0,0,0,0,0,0,0,0//CR_TRUST			#tFCX#
14,249,10,0,0,0,0,0,0,0,0,0,0//CR_AUTOGUARD		#I[gK[h#
14,250,5,249,5,0,0,0,0,0,0,0,0//CR_SHIELDCHARGE		#V[h`[W#
14,251,5,250,3,0,0,0,0,0,0,0,0//CR_SHIELDBOOMERANG	#V[hu[#
14,252,10,251,3,0,0,0,0,0,0,0,0//CR_REFLECTSHIELD	#tNgV[h#
14,253,10,248,7,0,0,0,0,0,0,0,0//CR_HOLYCROSS		#z[[NX#
14,254,10,253,6,248,10,0,0,0,0,0,0//CR_GRANDCROSS	#OhNX#
14,255,5,252,5,254,4,0,0,0,0,0,0//CR_DEVOTION		#fB{[V#
14,256,5,22,5,28,5,0,0,0,0,0,0//CR_PROVIDENCE		#vBfX#
14,257,5,251,1,0,0,0,0,0,0,0,0//CR_DEFENDER		#fBtF_[#
14,258,10,55,10,0,0,0,0,0,0,0,0//CR_SPEARQUICKEN	#XsANCbP#
// Monk
15,1,9,0,0,0,0,0,0,0,0,0,0//NV_BASIC		#{XL#
15,142,1,0,0,0,0,0,0,0,0,0,0//NV_FIRSTAID	#}蓖#
15,22,10,0,0,0,0,0,0,0,0,0,0//AL_DP		#fBoCveNV#
15,23,10,22,3,0,0,0,0,0,0,0,0//AL_DEMONBANE	#f[xC#
15,24,1,0,0,0,0,0,0,0,0,0,0//AL_RUWACH		#At#
15,25,1,27,4,0,0,0,0,0,0,0,0//AL_PNEUMA		#j[}#
15,26,2,24,1,0,0,0,0,0,0,0,0//AL_TELEPORT	#e|[g#
15,27,4,26,2,0,0,0,0,0,0,0,0//AL_WARP		#[v|[^#
15,28,10,0,0,0,0,0,0,0,0,0,0//AL_HEAL		#q[#
15,29,10,28,3,0,0,0,0,0,0,0,0//AL_INCAGI	#x#
15,30,10,29,1,0,0,0,0,0,0,0,0//AL_DECAGI	#x#
15,31,1,0,0,0,0,0,0,0,0,0,0//AL_HOLYWATER	#ANAxlfBN^#
15,32,10,23,3,0,0,0,0,0,0,0,0//AL_CRUCIS	#VOiNVX#
15,33,10,22,3,0,0,0,0,0,0,0,0//AL_ANGELUS	#GWFX#
15,34,10,22,5,0,0,0,0,0,0,0,0//AL_BLESSING	#ubVO#
15,35,1,0,0,0,0,0,0,0,0,0,0//AL_CURE		#LA[#
15,156,1,0,0,0,0,0,0,0,0,0,0//AL_HOLYLIGHT	#z[[Cg#
15,259,10,23,10,22,10,0,0,0,0,0,0//MO_IRONHAND		#S#
15,260,5,269,2,0,0,0,0,0,0,0,0//MO_SPIRITSRECOVERY	##
15,261,5,259,2,0,0,0,0,0,0,0,0//MO_CALLSPIRITS		#C#
15,262,1,261,5,0,0,0,0,0,0,0,0//MO_ABSORBSPIRITS	#CD#
15,263,10,265,5,0,0,0,0,0,0,0,0//MO_TRIPLEATTACK	#Oi#
15,264,1,271,3,260,2,0,0,0,0,0,0//MO_BODYRELOCATION	#ce#
15,265,10,259,5,261,5,0,0,0,0,0,0//MO_DODGE		#؂#
15,266,5,261,5,0,0,0,0,0,0,0,0//MO_FINGEROFFENSIVE	#we#
15,267,5,266,3,0,0,0,0,0,0,0,0/MO_INVESTIGATE		##
15,268,5,273,3,0,0,0,0,0,0,0,0//MO_STEELBODY		##
15,269,5,265,5,0,0,0,0,0,0,0,0//MO_BLADESTOP		#n#
15,270,5,262,1,0,0,0,0,0,0,0,0//MO_EXPLOSIONSPIRITS	#g#
15,271,5,261,5,267,3,0,0,0,0,0,0//MO_EXTREMITYFIST	#CeP#
15,272,5,263,5,0,0,0,0,0,0,0,0//MO_CHAINCOMBO		#Aŏ#
15,273,5,272,3,0,0,0,0,0,0,0,0//MO_COMBOFINISH		#җ#
// Sage
16,1,9,0,0,0,0,0,0,0,0,0,0//NV_BASIC		#{XL#
16,9,10,0,0,0,0,0,0,0,0,0,0//MG_SRECOVERY	#SP񕜗͌#
16,10,1,0,0,0,0,0,0,0,0,0,0//MG_SIGHT		#TCg#
16,11,10,0,0,0,0,0,0,0,0,0,0//MG_NAPALMBEAT	#ip[r[g#
16,12,10,11,7,13,5,0,0,0,0,0,0//MG_SAFETYWALL	#ZCteBEH[#
16,13,10,11,4,0,0,0,0,0,0,0,0//MG_SOULSTRIKE	#\EXgCN#
16,14,10,0,0,0,0,0,0,0,0,0,0//MG_COLDBOLT	#R[h{g#
16,15,10,14,5,0,0,0,0,0,0,0,0//MG_FROSTDIVER	#tXg_Co[#
16,16,10,0,0,0,0,0,0,0,0,0,0//MG_STONECURSE	#Xg[J[X#
16,17,10,19,4,0,0,0,0,0,0,0,0//MG_FIREBALL	#t@CA[{[#
16,18,10,17,5,10,1,0,0,0,0,0,0//MG_FIREWALL	#t@CA[EH[#
16,19,10,0,0,0,0,0,0,0,0,0,0//MG_FIREBOLT	#t@CA[{g#
16,20,10,0,0,0,0,0,0,0,0,0,0//MG_LIGHTNINGBOLT	#CgjO{g#
16,21,10,20,4,0,0,0,0,0,0,0,0//MG_THUNDERSTORM	#T_[Xg[#
16,157,1,0,0,0,0,0,0,0,0,0,0//MG_ENERGYCOAT	#GiW[R[g#
16,93,1,0,0,0,0,0,0,0,0,0,0//WZ_ESTIMATION	#X^[#
16,90,5,283,2,0,0,0,0,0,0,0,0//WZ_EARTHSPIKE	#A[XXpCN#
16,91,5,90,1,0,0,0,0,0,0,0,0//WZ_HEAVENDRIVE	#wYhCu#
16,274,10,0,0,0,0,0,0,0,0,0,0//SA_ADVANCEDBOOK		#AhoXhubN#
16,275,5,274,2,0,0,0,0,0,0,0,0//SA_CASTCANCEL		#LXgLZ#
16,276,5,274,4,0,0,0,0,0,0,0,0//SA_MAGICROD		#}WbNbh#
16,277,5,276,1,0,0,0,0,0,0,0,0//SA_SPELLBREAKER		#Xyu[J[#
16,278,10,275,1,0,0,0,0,0,0,0,0/SA_FREECAST		#t[LXg#
16,279,10,278,4,0,0,0,0,0,0,0,0/SA_AUTOSPELL		#I[gXy#
16,280,5,19,1,274,5,0,0,0,0,0,0//SA_FLAMELAUNCHER	#tC`[#
16,281,5,14,1,274,5,0,0,0,0,0,0//SA_FROSTWEAPON		#tXgEF|#
16,282,5,20,1,274,5,0,0,0,0,0,0//SA_LIGHTNINGLOADER	#CgjO[_[#
16,283,5,16,1,274,5,0,0,0,0,0,0//SA_SEISMICWEAPON	#TCY~bNEF|#
16,284,5,274,9,0,0,0,0,0,0,0,0//SA_DRAGONOLOGY		#hSmW[#
16,285,5,280,2,0,0,0,0,0,0,0,0//SA_VOLCANO		#{P[m#
16,286,5,281,2,0,0,0,0,0,0,0,0//SA_DELUGE		#f[W#
16,287,5,282,2,0,0,0,0,0,0,0,0//SA_VIOLENTGALE		#oCIgQC#
16,288,5,285,3,286,3,287,3,0,0,0,0//SA_LANDPROTECTOR	#hveN^[#
16,289,5,277,3,0,0,0,0,0,0,0,0//SA_DISPELL		#fBXy#
16,290,10,279,5,289,1,288,1,0,0,0,0//SA_ABRACADABRA	#AuJ^u#
// Rogue
17,1,9,0,0,0,0,0,0,0,0,0,0//NV_BASIC		#{XL#
17,142,1,0,0,0,0,0,0,0,0,0,0//NV_FIRSTAID	#}蓖#
17,48,10,0,0,0,0,0,0,0,0,0,0//TF_DOUBLE		#_uA^bN#
17,49,10,0,0,0,0,0,0,0,0,0,0//TF_MISS		#𗦑#
17,50,10,0,0,0,0,0,0,0,0,0,0//TF_STEAL		#XeB[#
17,51,10,50,5,0,0,0,0,0,0,0,0//TF_HIDING	#nCfBO#
17,52,10,0,0,0,0,0,0,0,0,0,0//TF_POISON		#Cxi#
17,53,1,52,3,0,0,0,0,0,0,0,0//TF_DETOXIFY	##
17,149,1,0,0,0,0,0,0,0,0,0,0//TF_SPRINKLESAND	#܂#
17,150,1,0,0,0,0,0,0,0,0,0,0//TF_BACKSLIDING	#obNXebv#
17,151,1,0,0,0,0,0,0,0,0,0,0//TF_PICKSTONE	#ΏE#
17,152,1,0,0,0,0,0,0,0,0,0,0//TF_THROWSTONE	#Γ#
17,2,10,0,0,0,0,0,0,0,0,0,0//SM_SWORD		#C#
17,44,10,0,0,0,0,0,0,0,0,0,0//AC_VULTURE	#V̖#
17,46,10,44,10,0,0,0,0,0,0,0,0//AC_DOUBLE	#_uXgCtBO#
17,124,1,46,5,0,0,0,0,0,0,0,0//HT_REMOVETRAP	#[ugbv#
17,210,10,50,1,0,0,0,0,0,0,0,0//RG_SNATCHER	#Xib`[#
17,211,10,210,4,0,0,0,0,0,0,0,0//RG_STEALCOIN	#XeB[RC#
17,212,10,211,4,0,0,0,0,0,0,0,0//RG_BACKSTAP	#obNX^u#
17,213,10,51,1,0,0,0,0,0,0,0,0//RG_TUNNELDRIVE	#glhCu#
17,214,5,212,2,213,2,0,0,0,0,0,0//RG_RAID	#TvCYA^bN#
17,215,5,217,5,0,0,0,0,0,0,0,0//RG_STRIPWEAPON	#XgbvEG|#
17,216,5,218,5,0,0,0,0,0,0,0,0//RG_STRIPSHIELD	#XgbvV[h#
17,217,5,216,5,0,0,0,0,0,0,0,0//RG_STRIPARMOR	#XgbvA[}[#
17,218,5,211,1,0,0,0,0,0,0,0,0//RG_STRIPHELM	#Xgbvw#
17,219,10,212,4,214,5,0,0,0,0,0,0//RG_INTIMIDATE#CeB~fCg#
17,220,1,221,5,0,0,0,0,0,0,0,0//RG_GRAFFITI	#OtBeB#
17,221,5,222,1,0,0,0,0,0,0,0,0//RG_FLAGGRAFFITI	#tbOOtBeB#
17,222,1,223,1,0,0,0,0,0,0,0,0//RG_CLEANER	#N[i[#
17,223,5,216,3,0,0,0,0,0,0,0,0//RG_GANGSTER	#MOX^[p_CX#
17,224,5,223,1,0,0,0,0,0,0,0,0//RG_COMPULSION	#RpVfBXJEg#
17,225,10,219,5,0,0,0,0,0,0,0,0//RG_PLAGIARISM	#N[XL#
// Alchem
18,1,9,0,0,0,0,0,0,0,0,0,0//NV_BASIC		#{XL#
18,142,1,0,0,0,0,0,0,0,0,0,0//NV_FIRSTAID	#}蓖#
18,36,10,0,0,0,0,0,0,0,0,0,0//MC_INCCARRY	#Eʑ#
18,37,10,36,3,0,0,0,0,0,0,0,0//MC_DISCOUNT	#fBXJEg#
18,38,10,37,3,0,0,0,0,0,0,0,0//MC_OVERCHARGE	#I[o[`[W#
18,39,10,36,5,0,0,0,0,0,0,0,0//MC_PUSHCART	#vbVJ[g#
18,40,1,0,0,0,0,0,0,0,0,0,0//MC_IDENTIFY	#ACeӒ#
18,41,10,39,3,0,0,0,0,0,0,0,0//MC_VENDING	#IXJ#
18,42,10,0,0,0,0,0,0,0,0,0,0//MC_MAMMONITE	#}[iCg#
18,153,1,0,0,0,0,0,0,0,0,0,0//MC_CARTREVOLUTION	#J[g{[V#
18,154,1,0,0,0,0,0,0,0,0,0,0//MC_CHANGECART	#`FWJ[g#
18,155,1,0,0,0,0,0,0,0,0,0,0//MC_LOUD		#Eh{CX#
18,2,10,0,0,0,0,0,0,0,0,0,0//SM_SWORD		#C#
18,226,10,0,0,0,0,0,0,0,0,0,0//AM_AXEMASTERY	#C#
18,227,10,0,0,0,0,0,0,0,0,0,0//AM_LERNINGPOTION	#[jO|[V#
18,228,10,227,5,0,0,0,0,0,0,0,0//AM_PHARMACY	#t@[}V[#
18,229,5,228,4,0,0,0,0,0,0,0,0//AM_DEMONSTRATION#fXg[V#
18,230,5,228,5,0,0,0,0,0,0,0,0//AM_ACIDTERROR	#AVbhe[#
18,231,5,228,3,0,0,0,0,0,0,0,0//AM_POTIONPITCHER#|[Vsb`[#
18,232,5,228,6,0,0,0,0,0,0,0,0//AM_CANNIBALIZE	#oCIvg#
18,233,5,228,2,0,0,0,0,0,0,0,0//AM_SPHEREMINE	#XtBA[}C#
18,234,5,236,3,0,0,0,0,0,0,0,0//AM_CP_WEAPON	#P~JEF|`[W#
18,235,5,237,3,0,0,0,0,0,0,0,0//AM_CP_SHIELD	#P~JV[h`[W#
18,236,5,235,3,0,0,0,0,0,0,0,0//AM_CP_ARMOR	#P~JA[}[`[W#
18,237,5,228,2,0,0,0,0,0,0,0,0//AM_CP_HELM	#P~Jw`[W#
// ؍łȂ̂ňȉ̃c[RgAEg
//18,238,1,0,0,0,0,0,0,0,0,0,0//AM_BIOETHICS		#ϗ#
//18,239,10,238,1,0,0,0,0,0,0,0,0//AM_BIOTECHNOLOGY	#Hw#
//18,240,5,239,7,0,0,0,0,0,0,0,0//AM_CREATECREATURE	#푢n#
//18,241,5,242,3,243,1,0,0,0,0,0,0//AM_CULTIVATION	#JgxCV#
//18,242,5,239,3,0,0,0,0,0,0,0,0//AM_FLAMECONTROL	#t[Rg[#
//18,243,1,244,1,0,0,0,0,0,0,0,0//AM_CALLHOMUN		#R[zNX#
//18,244,1,239,5,0,0,0,0,0,0,0,0//AM_REST		##
//18,245,10,246,3,0,0,0,0,0,0,0,0//AM_DRILLMASTER	#h}X^[#
//18,246,10,241,5,0,0,0,0,0,0,0,0//AM_HEALHOMUN		#q[zNX#
//18,247,10,246,5,0,0,0,0,0,0,0,0//AM_RESURRECTHOMUN	#UNVzNX#
// Bard
19,1,9,0,0,0,0,0,0,0,0,0,0//NV_BASIC		#{XL#
19,142,1,0,0,0,0,0,0,0,0,0,0//NV_FIRSTAID	#}蓖#
19,43,10,0,0,0,0,0,0,0,0,0,0//AC_OWL		#ӂ낤̖#
19,44,10,43,3,0,0,0,0,0,0,0,0//AC_VULTURE	#V̖#
19,45,10,44,1,0,0,0,0,0,0,0,0//AC_CONCENTRATION	#W͌#
19,46,10,0,0,0,0,0,0,0,0,0,0//AC_DOUBLE		#_uXgCtBO#
19,47,10,46,5,0,0,0,0,0,0,0,0//AC_SHOWER	#A[V[#
19,147,1,0,0,0,0,0,0,0,0,0,0//AC_MAKINGARROW	#쐬#
19,148,1,0,0,0,0,0,0,0,0,0,0//AC_CHARGEARROW	#`[WA[#
19,315,10,0,0,0,0,0,0,0,0,0,0//BA_MUSICALLESSON		#y̗K#
19,316,5,315,3,0,0,0,0,0,0,0,0//BA_MUSICALSTRIKE	#~[WJXgCN#
19,317,5,315,1,304,1,0,0,0,0,0,0//BA_DISSONANCE		#sa#
19,318,5,305,1,0,0,0,0,0,0,0,0//BA_FROSTJOKE		#W[N#
19,319,10,317,3,0,0,0,0,0,0,0,0//BA_WHISTLE		#J#
19,320,10,317,3,0,0,0,0,0,0,0,0//BA_ASSASSINCROSS	#[z̃ATVNX#
19,321,10,317,3,0,0,0,0,0,0,0,0//BA_POEMBRAGI		#uM̎#
19,322,10,317,3,0,0,0,0,0,0,0,0//BA_APPLEIDUN		#ChD̗ь#
19,304,1,0,0,0,0,0,0,0,0,0,0//BD_ADAPTATION		#Ahu
19,305,1,304,1,0,0,0,0,0,0,0,0//BD_ENCORE		#AR[#
19,306,1,319,10,0,0,0,0,0,0,0,0//BD_LULLABY		#q#
19,307,5,313,3,0,0,0,0,0,0,0,0//BD_RICHMANKIM		#jh̉#
19,308,1,311,1,0,0,0,0,0,0,0,0//BD_ETERNALCHAOS		#i̍#
19,309,5,322,10,0,0,0,0,0,0,0,0//BD_DRUMBATTLEFIELD	#푾ۂ̋#
19,310,5,309,3,0,0,0,0,0,0,0,0//BD_RINGNIBELUNGEN	#j[xO̎w#
19,311,1,320,10,0,0,0,0,0,0,0,0//BD_ROKISWEIL		#L̋#
19,312,1,306,1,0,0,0,0,0,0,0,0//BD_INTOABYSS		#[̒#
19,313,5,321,10,0,0,0,0,0,0,0,0//BD_SIEGFRIED		#sg̃W[Nt[h#
19,314,1,312,1,308,1,0,0,0,0,0,0//BD_RAGNAROK		#OiN#
// Dancer
20,1,9,0,0,0,0,0,0,0,0,0,0//NV_BASIC		#{XL#
20,142,1,0,0,0,0,0,0,0,0,0,0//NV_FIRSTAID	#}蓖#
20,43,10,0,0,0,0,0,0,0,0,0,0//AC_OWL		#ӂ낤̖#
20,44,10,43,3,0,0,0,0,0,0,0,0//AC_VULTURE	#V̖#
20,45,10,44,1,0,0,0,0,0,0,0,0//AC_CONCENTRATION	#W͌#
20,46,10,0,0,0,0,0,0,0,0,0,0//AC_DOUBLE		#_uXgCtBO#
20,47,10,46,5,0,0,0,0,0,0,0,0//AC_SHOWER	#A[V[#
20,147,1,0,0,0,0,0,0,0,0,0,0//AC_MAKINGARROW	#쐬#
20,148,1,0,0,0,0,0,0,0,0,0,0//AC_CHARGEARROW	#`[WA[#
20,323,10,0,0,0,0,0,0,0,0,0,0//DC_DANCINGLESSON		#_X̗K#
20,324,10,0,0,0,0,0,0,0,0,0,0//DC_THROWARROW		##
20,325,5,323,1,304,1,0,0,0,0,0,0//DC_UGLYDANCE		#ȃ_X#
20,326,5,305,1,0,0,0,0,0,0,0,0//DC_SCREAM		#XN[#
20,327,10,325,3,0,0,0,0,0,0,0,0//DC_HUMMING		#n~O#
20,328,10,325,3,0,0,0,0,0,0,0,0//DC_DONTFORGETME	#YȂŁc#
20,329,10,325,3,0,0,0,0,0,0,0,0//DC_FORTUNEKISS		#K^̃LX#
20,330,10,325,3,0,0,0,0,0,0,0,0//DC_SERVICEFORYOU	#T[rXtH[[#
20,304,1,0,0,0,0,0,0,0,0,0,0//BD_ADAPTATION		#Ahu
20,305,1,304,1,0,0,0,0,0,0,0,0//BD_ENCORE		#AR[#
20,306,1,319,10,0,0,0,0,0,0,0,0//BD_LULLABY		#q#
20,307,5,313,3,0,0,0,0,0,0,0,0//BD_RICHMANKIM		#jh̉#
20,308,1,311,1,0,0,0,0,0,0,0,0//BD_ETERNALCHAOS		#i̍#
20,309,5,322,10,0,0,0,0,0,0,0,0//BD_DRUMBATTLEFIELD	#푾ۂ̋#
20,310,5,309,3,0,0,0,0,0,0,0,0//BD_RINGNIBELUNGEN	#j[xO̎w#
20,311,1,320,10,0,0,0,0,0,0,0,0//BD_ROKISWEIL		#L̋#
20,312,1,306,1,0,0,0,0,0,0,0,0//BD_INTOABYSS		#[̒#
20,313,5,321,10,0,0,0,0,0,0,0,0//BD_SIEGFRIED		#sg̃W[Nt[h#
20,314,1,312,1,308,1,0,0,0,0,0,0//BD_RAGNAROK		#OiN#
//Wedding Class
22,1,9,0,0,0,0,0,0,0,0,0,0//NV_BASIC		#-{XL#
22,336,10,0,0,0,0,0,0,0,0,0,0//AL_HEAL		#q[#
//Super Novice
23,1,9,0,0,0,0,0,0,0,0,0,0//NV_BASIC		#-{XL#
23,142,1,0,0,0,0,0,0,0,0,0,0//NV_FIRSTAID	#}-#
23,2,10,0,0,0,0,0,0,0,0,0,0//SM_SWORD		#C-#
23,4,10,0,0,0,0,0,0,0,0,0,0//SM_RECOVERY		#HP-͌#
23,5,10,0,0,0,0,0,0,0,0,0,0//SM_BASH		#obV#
23,6,10,0,0,0,0,0,0,0,0,0,0//SM_PROVOKE		#v{bN#
23,7,10,5,5,0,0,0,0,0,0,0,0//SM_MAGNUM		#}OiuCN#
23,8,10,6,5,0,0,0,0,0,0,0,0//SM_ENDURE		#CfA#
23,144,1,0,0,0,0,0,0,0,0,0,0//SM_MOVINGRECOVERY	#ړHP#
23,145,1,0,0,0,0,0,0,0,0,0,0//SM_FATALBLOW	#}U#
23,146,1,0,0,0,0,0,0,0,0,0,0//SM_AUTOBERSERK	#I[go[T[N#
23,9,10,0,0,0,0,0,0,0,0,0,0//MG_SRECOVERY	#SP-͌#
23,10,1,0,0,0,0,0,0,0,0,0,0//MG_SIGHT		#TCg#
23,11,10,0,0,0,0,0,0,0,0,0,0//MG_NAPALMBEAT	#ip[r[g#
23,12,10,11,7,13,5,0,0,0,0,0,0//MG_SAFETYWALL	#ZCteBEH[#
23,13,10,11,4,0,0,0,0,0,0,0,0//MG_SOULSTRIKE	#\EXgCN#
23,14,10,0,0,0,0,0,0,0,0,0,0//MG_COLDBOLT	#R[h{g#
23,15,10,14,5,0,0,0,0,0,0,0,0//MG_FROSTDIVER	#tXg_Co[#
23,16,10,0,0,0,0,0,0,0,0,0,0//MG_STONECURSE	#Xg[J[X#
23,17,10,19,4,0,0,0,0,0,0,0,0//MG_FIREBALL	#t@CA[{[#
23,18,10,17,5,10,1,0,0,0,0,0,0//MG_FIREWALL	#t@CA[EH[#
23,19,10,0,0,0,0,0,0,0,0,0,0//MG_FIREBOLT	#t@CA[{g#
23,20,10,0,0,0,0,0,0,0,0,0,0//MG_LIGHTNINGBOLT	#CgjO{g#
23,21,10,20,4,0,0,0,0,0,0,0,0//MG_THUNDERSTORM	#T_[Xg[#
23,157,1,0,0,0,0,0,0,0,0,0,0//MG_ENERGYCOAT	#GiW[R[g#
23,43,10,0,0,0,0,0,0,0,0,0,0//AC_OWL		#ӂ낤-#
23,44,10,43,3,0,0,0,0,0,0,0,0//AC_VULTURE	#V-#
23,45,10,44,1,0,0,0,0,0,0,0,0//AC_CONCENTRATION	#W-͌#
23,147,1,0,0,0,0,0,0,0,0,0,0//AC_MAKINGARROW	#-쐬#
23,148,1,0,0,0,0,0,0,0,0,0,0//AC_CHARGEARROW	#`[WA[#
23,22,10,0,0,0,0,0,0,0,0,0,0//AL_DP		#fBoCveNV#
23,23,10,22,3,0,0,0,0,0,0,0,0//AL_DEMONBANE	#f[xC#
23,24,1,0,0,0,0,0,0,0,0,0,0//AL_RUWACH		#At#
23,25,1,27,4,0,0,0,0,0,0,0,0//AL_PNEUMA		#j[}#
23,26,2,24,1,0,0,0,0,0,0,0,0//AL_TELEPORT	#e|[g#
23,27,4,26,2,0,0,0,0,0,0,0,0//AL_WARP		#[v|[^#
23,28,10,0,0,0,0,0,0,0,0,0,0//AL_HEAL		#q[#
23,29,10,28,3,0,0,0,0,0,0,0,0//AL_INCAGI		#x#
23,30,10,29,1,0,0,0,0,0,0,0,0//AL_DECAGI		#x#
23,31,1,0,0,0,0,0,0,0,0,0,0//AL_HOLYWATER	#ANAxlfBN^#
23,32,10,23,3,0,0,0,0,0,0,0,0//AL_CRUCIS		#VOiNVX#
23,33,10,22,3,0,0,0,0,0,0,0,0//AL_ANGELUS	#GWFX#
23,34,10,22,5,0,0,0,0,0,0,0,0//AL_BLESSING	#ubVO#
23,35,1,0,0,0,0,0,0,0,0,0,0//AL_CURE		#LA[#
23,156,1,0,0,0,0,0,0,0,0,0,0//AL_HOLYLIGHT	#z[[Cg#
23,36,10,0,0,0,0,0,0,0,0,0,0//MC_INCCARRY	#E-ʑ#
23,37,10,36,3,0,0,0,0,0,0,0,0//MC_DISCOUNT	#fBXJEg#
23,38,10,37,3,0,0,0,0,0,0,0,0//MC_OVERCHARGE	#I[o[`[W#
23,39,10,36,5,0,0,0,0,0,0,0,0//MC_PUSHCART	#vbVJ[g#
23,40,1,0,0,0,0,0,0,0,0,0,0//MC_IDENTIFY		#ACeӒ#
23,41,10,39,3,0,0,0,0,0,0,0,0//MC_VENDING	#IXJ#
23,42,10,0,0,0,0,0,0,0,0,0,0//MC_MAMMONITE	#}[iCg#
23,153,1,0,0,0,0,0,0,0,0,0,0//MC_CARTREVOLUTION	#J[g{[V#
23,154,1,0,0,0,0,0,0,0,0,0,0//MC_CHANGECART	#`FWJ[g#
23,155,1,0,0,0,0,0,0,0,0,0,0//MC_LOUD		#Eh{CX#
23,48,10,0,0,0,0,0,0,0,0,0,0//TF_DOUBLE		#_uA^bN#
23,49,10,0,0,0,0,0,0,0,0,0,0//TF_MISS		#-#
23,50,10,0,0,0,0,0,0,0,0,0,0//TF_STEAL		#XeB[#
23,51,10,50,5,0,0,0,0,0,0,0,0//TF_HIDING		#nCfBO#
23,52,10,0,0,0,0,0,0,0,0,0,0//TF_POISON		#Cxi#
23,53,1,52,3,0,0,0,0,0,0,0,0//TF_DETOXIFY	##
23,149,1,0,0,0,0,0,0,0,0,0,0//TF_SPRINKLESAND	#܂#
23,150,1,0,0,0,0,0,0,0,0,0,0//TF_BACKSLIDING	#obNXebv#
23,151,1,0,0,0,0,0,0,0,0,0,0//TF_PICKSTONE	#ΏE#
23,152,1,0,0,0,0,0,0,0,0,0,0//TF_THROWSTONE	#Γ#