//id,range,hit,inf,pl,nk,max,list_sp,list_num
// 01 ID
// 02 range射程
// 03 hit連打8　単発6
// 04 inf(0-パッシブ、1-敵、2-場所、4-即時発動、16-味方、32-罠)
// 05 pl 属性(0-無 1-水 2-地 3-火 4-風 5-毒 6-聖 7-暗 8-念 9-不死)
// 06 nk 付加　1効果　2吹き飛ばし
// 07 MaxLv
// 08 消費SPのリスト
// 09 Hit回数のリスト
// 10 inf2(スキル情報2)    (1 - クェストスキル(後で追加予定) 2 ? npc スキル)

1,0,0,0,0,0,9,0,0,0	//NV_BASIC#基本スキル#

2,0,0,0,0,0,10,0,0,0	//SM_SWORD#剣修練#
3,0,0,0,0,0,10,0,0,0	//SM_TWOHAND#両手剣修練#
4,0,0,0,0,0,10,0,0,0	//SM_RECOVERY#HP回復力向上#
5,1,6,1,0,0,10,8:8:8:8:8:15:15:15:15:15,1,0	//SM_BASH#バッシュ#
6,8,6,1,0,1,10,4:5:6:7:8:9:10:11:12:13,1,0	//SM_PROVOKE#プロボック#
7,1,6,1,3,2,10,15,5,0	//SM_MAGNUM#マグナムブレイク#
8,0,6,4,0,1,10,10,1,0	//SM_ENDURE#インデュア#

9,0,0,0,0,0,10,0,0,0	//MG_SRECOVERY#SP回復力向上#
10,8,6,4,3,1,1,10,1,0	//MG_SIGHT#サイト#
11,8,6,1,8,0,10,9,1,0	//MG_NAPALMBEAT#ナパームビート#
12,8,8,2,8,0,10,30:30:30:35:35:35:40:40:40:40,1,0	//MG_SAFETYWALL#セイフティウォール#
13,8,8,1,8,0,10,15:18:21:24:27:30:33:36:39:42,1:1:2:2:3:3:4:4:5:5,0	//MG_SOULSTRIKE#ソウルストライク#
14,8,8,1,1,0,10,12:14:16:18:20:22:24:26:28:30,1:2:3:4:5:6:7:8:9:10,0	//MG_COLDBOLT#コールドボルト#
15,8,6,1,1,0,10,25:24:23:22:21:20:19:18:17:16,1,0	//MG_FROSTDIVER#フロストダイバー#
16,2,6,1,2,1,10,25,1,0	//MG_STONECURSE#ストーンカース#
17,8,6,1,3,0,10,25,1,0	//MG_FIREBALL#ファイアーボール#
18,8,6,2,3,0,10,40,1,0	//MG_FIREWALL#ファイアーウォール#
19,8,8,1,3,0,10,12:14:16:18:20:22:24:26:28:30,1:2:3:4:5:6:7:8:9:10,0	//MG_FIREBOLT#ファイアーボルト#
20,8,8,1,4,0,10,12:14:16:18:20:22:24:26:28:30,1:2:3:4:5:6:7:8:9:10,0	//MG_LIGHTNINGBOLT#ライトニングボルト#
21,5,8,2,4,0,10,29:34:39:44:49:54:59:64:69:74,1:2:3:4:5:6:7:8:9:10,0	//MG_THUNDERSTORM#サンダーストーム#

22,0,0,0,0,0,10,0,0,0	//AL_DP#ディバインプロテクション#
23,0,0,0,0,0,10,0,0,0	//AL_DEMONBANE#デーモンベイン#
24,8,6,4,0,1,1,10,1,0	//AL_RUWACH#ルアフ#
25,8,6,2,0,1,1,10,1,0	//AL_PNEUMA#ニューマ#
26,0,6,4,0,1,2,10:9,1,0	//AL_TELEPORT#テレポート#
27,5,6,2,0,1,4,35:32:29:26,1,0	//AL_WARP#ワープポータル#
28,8,6,16,6,1,10,13:16:19:22:25:28:31:34:37:40,1,0	//AL_HEAL#ヒール#
29,8,6,16,0,1,10,18:21:24:27:30:33:36:39:42:45,1,0	//AL_INCAGI#速度増加#
30,8,6,1,0,1,10,15:17:19:21:23:25:27:29:31:33,1,0		//AL_DECAGI#速度減少#
31,1,6,4,0,1,1,10,1,0	//AL_HOLYWATER#アクアベネディクタ#
32,8,6,4,0,1,10,35,1,0	//AL_CRUCIS#シグナムクルシス#
33,8,6,4,0,1,10,23:26:29:32:35:38:41:44:47:50,1,0	//AL_ANGELUS#エンジェラス#
34,8,6,16,0,1,10,28:32:36:40:44:48:52:56:60:64,1,0	//AL_BLESSING#ブレッシング#
35,8,6,16,0,1,1,15,1,0	//AL_CURE#キュアー#

36,0,0,0,0,0,10,0,0,0	//MC_INCCARRY#所持限界量増加#
37,0,0,0,0,0,10,0,0,0	//MC_DISCOUNT#ディスカウント#
38,0,0,0,0,0,10,0,0,0	//MC_OVERCHARGE#オーバーチャージ#
39,0,0,0,0,0,10,0,0,0	//MC_PUSHCART#プッシュカート#
40,0,6,4,0,1,1,10,1,0	//MC_IDENTIFY#アイテム鑑定#
41,0,6,4,0,1,10,30,1,0	//MC_VENDING#露店開設#
42,3,6,1,0,0,10,5,1,0	//MC_MAMMONITE#メマーナイト#

43,0,0,0,0,0,10,0,0,0	//AC_OWL#ふくろうの目#
44,0,0,0,0,0,10,0,0,0	//AC_VULTURE#ワシの目#
45,0,6,4,0,1,10,25:30:35:40:45:50:55:60:65:70,1,0	//AC_CONCENTRATION#集中力向上#
46,13,8,1,0,0,10,12,2,0	//AC_DOUBLE#ダブルストレイフィング#
47,13,6,1,0,2,10,5,1,0	//AC_SHOWER#アローシャワー#

48,0,0,0,0,0,10,0,0,0	//TF_DOUBLE#ダブルアタック#
49,0,0,0,0,0,10,0,0,0	//TF_MISS#回避率増加#
50,1,6,1,0,1,10,10,1,0	//TF_STEAL#スティール#
51,0,6,4,0,1,10,10,1,0	//TF_HIDING#ハイディング#
52,3,6,1,5,0,10,12,1,0	//TF_POISON#インベナム#
53,1,6,16,5,1,1,5,1,0	//TF_DETOXIFY#解毒#

54,8,6,16,0,1,4,60,1,0	//ALL_RESURRECTION#リザレクション#

55,0,0,0,0,0,10,0,0,0	//KN_SPEARMASTERY#槍修練#
56,1,8,1,0,0,10,7,3,0	//KN_PIERCE#ピアース#
57,4,6,1,0,1,10,12,1,0	//KN_BRANDISHSPEAR#ブランディッシュスピア#
58,4,6,1,0,2,10,9,1,0	//KN_SPEARSTAB#スピアスタブ#
59,11,6,1,0,0,5,10,1,0	//KN_SPEARBOOMERANG#スピアブーメラン#
60,0,6,4,0,1,10,14:18:22:26:30:34:38:42:46:50,1,0	//KN_TWOHANDQUICKEN#ツーハンドクイッケン#
61,0,6,4,0,1,5,2,1,0	//KN_AUTOCOUNTER#オートカウンター#
62,1,6,1,0,2,10,13:14:15:16:17:18:19:20:21:22,1,0	//KN_BOWLINGBASH#ボウリングバッシュ#
63,0,0,0,0,0,1,0,0,0	//KN_RIDING#ライディング#
64,0,0,0,0,0,5,0,0,0	//KN_CAVALIERMASTERY#騎兵修練#

65,0,0,0,0,0,10,0,0,0	//PR_MACEMASTERY#メイス修練#
66,8,6,16,0,1,5,13:16:19:22:25,1,0	//PR_IMPOSITIO#イムポシティオマヌス#	
67,8,6,16,0,1,3,8,1,0	//PR_SUFFRAGIUM#サフラギウム#
68,8,6,16,0,1,5,14:18:22:26:30,1,0	//PR_ASPERSIO#アスペルシオ#
69,1,6,2,0,1,5,20,1,0	//PR_BENEDICTIO#聖体降福#
70,8,6,2,6,1,10,15:18:21:24:27:30:33:36:39:42,1,0	//PR_SANCTUARY#サンクチュアリ#
71,8,6,16,0,1,4,6:8:10:12,1,0	//PR_SLOWPOISON#スローポイズン#
72,8,6,16,0,1,1,5,1,0	//PR_STRECOVERY#リカバリー#
73,8,6,16,0,1,10,20:20:20:25:25:25:30:30:30:35,1,0	//PR_KYRIE#キリエエレイソン#
74,0,6,4,0,1,5,40,1,0	//PR_MAGNIFICAT#マグニフィカート#
75,0,6,4,0,1,5,20,1,0	//PR_GLORIA#グロリア#
76,8,6,1,0,1,10,20:20:20:20:18:16:14:12:10,0,0	//PR_LEXDIVINA#レックスディビーナ#
77,8,6,1,6,0,10,16,1,0	//PR_TURNUNDEAD#ターンアンデッド#
78,8,6,1,0,1,1,10,0,0	//PR_LEXAETERNA#レックスエーテルナ#
79,3,8,2,6,0,10,40:42:44:46:48:50:52:54:56:58,1:2:3:4:5:6:7:8:9:10,0	//PR_MAGNUS#マグヌスエクソシズム#

80,8,8,2,3,0,10,25,3:4:5:6:7:8:9:10:11:12,0	//WZ_FIREPILLAR#ファイアーピラー#
81,1,6,4,3,0,10,35:37:39:41:43:45:47:49:51:53,1,0	//WZ_SIGHTRASHER#サイトラッシャー#
//82,8,6,2,3,0,10,1,1,0	//WZ_FIREIVY#ファイアアイビー#
83,8,8,2,3,0,10,30:34:40:44:50:54:60:64:70:74,1:1:2:2:3:3:4:4:5:5,0	//WZ_METEOR#メテオストーム#
84,8,8,1,4,0,10,20:23:26:29:32:35:38:41:44:47,3:4:5:6:7:8:9:10:11:12,0	//WZ_JUPITEL#ユピテルサンダー#
85,8,8,2,4,0,10,60:64:68:72:76:80:84:88:92:96,10,0	//WZ_VERMILION#ロードオブヴァーミリオン#
86,8,8,1,1,0,5,15:20:20:25:25,1,0	//WZ_WATERBALL#ウォーターボール#
87,8,6,2,1,0,10,8:12:16:20:24:28:32:36:40:44,1,0	//WZ_ICEWALL#アイスウォール#
88,8,6,1,1,1,10,45:43:41:39:37:35:33:31:29:27,1,0	//WZ_FROSTNOVA#フロストノヴァ#
89,8,6,2,1,1,10,78,1,0	//WZ_STORMGUST#ストームガスト#
90,8,8,1,2,0,5,12:14:16:18:20,1:2:3:4:5,0	//WZ_EARTHSPIKE#アーススパイク#
91,8,8,2,2,0,5,24:28:32:36:40,1:2:3:4:5,0	//WZ_HEAVENDRIVE#ヘヴンズドライブ#
92,8,6,2,2,1,5,15,1,0	//WZ_QUAGMIRE#クァグマイア#
93,8,6,1,0,1,1,10,1,0	//WZ_ESTIMATION#モンスター情報#

94,0,0,0,0,0,5,0,0,0	//BS_IRON#鉄製造#
95,0,0,0,0,0,5,0,0,0	//BS_STEEL#鋼鉄製造#
96,0,0,0,0,0,5,0,0,0	//BS_ENCHANTEDSTONE#属性石製造#
97,0,0,0,0,0,5,0,0,0	//BS_ORIDEOCON#オリデオコン研究#
98,0,0,0,0,0,3,0,0,0	//BS_DAGGER#短剣製作#
99,0,0,0,0,0,3,0,0,0	//BS_SWORD#剣製作#
100,0,0,0,0,0,3,0,0,0	//BS_TWOHANDSWORD#両手剣製作#
101,0,0,0,0,0,3,0,0,0	//BS_AXE#斧製作#
102,0,0,0,0,0,3,0,0,0	//BS_MACE#メイス製作#
103,0,0,0,0,0,3,0,0,0	//BS_KNUCKLE#ナックル製作#
104,0,0,0,0,0,3,0,0,0	//BS_SPEAR#槍製作#
105,0,0,0,0,0,1,0,0,0	//BS_HILTBINDING#ヒルトバイディング#
106,0,0,0,0,0,1,0,0,0	//BS_FINDINGORE#鉱石発見#
107,0,0,0,0,0,10,0,0,0	//BS_WEAPONRESEARCH#武器研究#
108,0,6,4,0,1,1,5,1,0	//BS_REPAIRWEAPON#武器修理#
109,0,0,0,0,0,5,0,0,0	//BS_SKINTEMPER#スキンテンパリング#
110,5,6,2,0,1,5,10,1,0	//BS_HAMMERFALL#ハンマーフォール#
111,0,6,4,0,1,5,20:23:26:29:32,1,0	//BS_ADRENALINE#アドレナリンラッシュ#
112,0,6,4,0,1,5,18:16:14:12:10,1,0	//BS_WEAPONPERFECT#ウエポンパーフェクション#
113,0,6,4,0,1,5,18:16:14:12:10,1,0	//BS_OVERTHRUST#オーバートラスト#
114,0,6,4,0,1,5,10,1,0	//BS_MAXIMIZE#マキシマイズパワー#

115,3,6,2,0,1,5,10,1,0	//HT_SKIDTRAP#スキッドトラップ#
116,3,6,2,2,1,5,20,1,0	//HT_LANDMINE#ランドマイン#
117,3,6,2,0,1,5,12,1,0	//HT_ANKLESNARE#アンクルスネア#
118,3,6,2,0,1,5,45,1,0	//HT_SHOCKWAVE#ショックウェーブトラップ#
119,3,6,2,0,1,5,12,1,0	//HT_SANDMAN#サンドマン#
120,3,6,2,0,1,5,12,1,0	//HT_FLASHER#フラッシャー#
121,3,6,2,2,1,5,10,1,0	//HT_FREEZINGTRAP#フリージングトラップ#
122,3,6,2,3,1,5,10,1,0	//HT_BLASTMINE#ブラストマイン#
123,3,6,2,2,1,5,15,1,0	//HT_CLAYMORETRAP#クレイモアートラップ#
124,2,6,32,0,1,1,5,1,0	//HT_REMOVETRAP#リムーブトラップ#
125,3,6,2,0,1,1,1,1,0	//HT_TALKIEBOX#トーキーボックス#
126,0,0,0,0,0,10,0,0,0	//HT_BEASTBANE#ビーストベイン#
127,0,0,0,0,0,1,0,0,0	//HT_FALCON#ファルコンマスタリー#
128,0,0,0,0,0,10,0,0,0	//HT_STEELCROW#スチールクロウ#
129,9,8,1,0,0,5,10:13:16:19:22,1:2:3:4:5,0	//HT_BLITZBEAT#ブリッツビート#
130,8,6,2,0,1,4,8,1,0	//HT_DETECTING#ディテクティング#
131,8,6,32,0,1,5,10,1,0	//HT_SPRINGTRAP#スプリングトラップ#

132,0,0,0,0,0,5,0,0,0	//AS_RIGHT#右手修練#
133,0,0,0,0,0,5,0,0,0	//AS_LEFT#左手修練#
134,0,0,0,0,0,10,0,0,0	//AS_KATAR#カタール修練#
135,0,6,4,0,1,5,15,1,0	//AS_CLOAKING#クローキング#
136,1,8,1,0,0,10,16:18:20:22:24:26:28:30:32:34,8,0	//AS_SONICBLOW#ソニックブロー#
137,7,6,1,0,0,5,2,1,0	//AS_GRIMTOOTH#グリムトゥース#
138,0,6,16,5,1,10,20,1,0	//AS_ENCHANTPOISON#エンチャントポイズン#
139,0,6,16,5,1,10,30:30:27:27:24:24:21:21:18:18,1,0	//AS_POISONREACT#ポイズンリアクト#
140,8,6,2,5,1,10,20,1,0	//AS_VENOMDUST#ベナムダスト#
141,8,6,1,5,1,10,33:36:39:42:45:48:51:54:57:60,1,0	//AS_SPLASHER#ベナムスプラッシャー#

//---JP2.0 追加スキル---
142,0,6,4,0,1,1,3,1,1	//NV_FIRSTAID#応急手当#
143,0,6,4,0,1,1,5,1,1	//NV_TRICKDEAD#死んだふり#
144,0,0,0,0,0,1,0,0,1	//SM_MOVINGRECOVERY#移動時HP回復#
145,0,0,0,0,0,1,0,0,1	//SM_FATALBLOW#急所攻撃#
146,0,0,0,0,0,1,0,0,1	//SM_AUTOBERSERK#オートバーサーク#
147,0,0,4,0,0,1,10,0,1	//AC_MAKINGARROW#矢作成#
148,8,6,1,0,2,1,15,1,1	//AC_CHARGEARROW#チャージアロー#
149,8,6,1,2,0,1,9,1,1	//TF_SPRINKLESAND#砂まき#
150,0,6,4,0,1,1,7,1,1	//TF_BACKSLIDING#バックステップ#
151,0,6,4,0,1,1,2,1,1	//TF_PICKSTONE#石拾い#
152,8,6,1,0,0,1,2,1,1	//TF_THROWSTONE#石投げ#
153,1,6,1,0,2,1,12,1,1	//MC_CARTREVOLUTION#カートレボリューション#
154,0,6,4,0,1,1,40,1,1	//MC_CHANGECART#チェンジカート#
155,0,6,4,0,1,1,8,1,1	//MC_LOUD#ラウドボイス#
156,8,6,1,6,0,1,15,1,1	//AL_HOLYLIGHT#ホーリーライト#
157,0,6,4,0,1,1,30,1,1	//MG_ENERGYCOAT#エナジーコート#

// 敵(NPC)スキル
// 日本語解説参照元
// http://rovc.at.infoseek.co.jp/o/2/oindex2.html
158,2,6,1,0,0,10,0,1,2	//npc_piercingatt：単体攻撃（レンジ2？）
159,1,6,1,0,0,10,0,1,2	//npc_mentalbreaker：SP減少攻撃
160,9,6,1,0,0,10,0,1,2	//npc_rangeattack：遠距離攻撃
161,0,0,4,0,0,10,0,1,2	//npc_attrichange：ランダム属性変化
162,0,0,4,1,0,10,0,1,2	//npc_changewater：水属性変化
163,0,0,4,2,0,10,0,1,2	//npc_changeground：地属性変化
164,0,0,4,3,0,10,0,1,2	//npc_changefire：火属性変化
165,0,0,4,4,0,10,0,1,2	//npc_changewind：風属性変化
166,0,0,4,5,0,10,0,1,2	//npc_changepoison：毒属性変化
167,0,0,4,6,0,10,0,1,2	//npc_changeholy：聖属性変化
168,0,0,4,8,0,10,0,1,2	//npc_changetelekinesis：念属性変化
169,0,0,4,7,0,10,0,1,2	//<skill not defined !!>：闇属性変化？
170,1,6,1,0,0,10,0,1,2	//npc_criticalslash：防御無視攻撃
171,1,8,1,0,0,10,0,2:3:4:5:6:7:8:9:10:11,2	//npc_comboattack：多段攻撃
172,1,6,1,0,0,10,0,1,2	//npc_guideattack：必中攻撃
173,1,6,4,0,0,10,0,1,2	//npc_selfdestruction：自爆
174,1,6,1,0,0,10,0,1,2	//npc_splashattack：範囲攻撃
175,0,0,4,0,1,10,0,1,2	//npc_suicide：自決
176,1,6,1,0,0,10,0,1,2	//npc_poison：毒攻撃
177,1,6,1,0,0,10,0,1,2	//npc_blindattack：暗闇攻撃
178,1,6,1,0,0,10,0,1,2	//npc_silenceattack：沈黙攻撃
179,1,6,1,0,0,10,0,1,2	//npc_stunattack：スタン攻撃
180,1,6,1,0,0,10,0,1,2	//npc_petrifyattack：石化攻撃
181,1,6,1,0,0,10,0,1,2	//npc_curseattack：呪い攻撃
182,1,6,1,0,0,10,0,1,2	//npc_sleepattack：睡眠攻撃
183,1,6,1,0,0,10,0,1,2	//npc_randomattack：ランダムATK攻撃
184,1,6,1,1,0,10,0,1,2	//npc_waterattack：水属性攻撃
185,1,6,1,2,0,10,0,1,2	//npc_groundattack：地属性攻撃
186,1,6,1,3,0,10,0,1,2	//npc_fireattack：火属性攻撃
187,1,6,1,4,0,10,0,1,2	//npc_windattack：風属性攻撃
188,1,6,1,5,0,10,0,1,2	//npc_poisonattack：毒属性攻撃
189,1,6,1,6,0,10,0,1,2	//npc_holyattack：聖属性攻撃
190,1,6,1,7,0,10,0,1,2	//npc_darknessattack：闇属性攻撃
191,1,6,1,8,0,10,0,1,2	//npc_telekinesisattack：念属性攻撃
192,1,6,1,0,0,10,0,1,2	//npc_magicalattack：魔法打撃攻撃
193,0,0,4,0,0,10,0,1,2	//npc_metamorphosis：孵化or成長
194,0,0,4,0,1,10,0,1,2	//npc_provocation：挑発
195,0,6,4,0,0,10,0,1,2	//npc_smoking：タバコを吸う
196,0,0,4,0,1,10,0,1,2	//npc_summonslave：取り巻き召還
197,0,0,4,0,1,10,0,1,2	//npc_emotion：エモを出す
198,0,0,0,0,0,10,0,1,2	//npc_transformation：？
199,1,6,1,0,0,10,0,1,2	//npc_blooddrain：HP吸収
200,1,6,1,0,0,10,0,1,2	//npc_energydrain：HP吸収（魔法打撃）
201,0,0,4,0,1,10,0,1,2	//npc_keeping：一定時間、非移動非反撃
202,1,6,1,0,0,10,0,1,2	//npc_darkbreath：？
203,0,0,1,0,1,10,0,1,2	//npc_darkblessing：一定の確率でHP半減
204,0,0,4,0,1,10,0,1,2	//npc_barrier：一定時間、非移動非反撃(MDEF100)
205,0,0,0,0,0,10,0,1,2	//npc_defender：？
206,1,6,1,0,0,10,0,1,2	//npc_lick：SP減少攻撃（追加スタン？）
207,0,0,1,0,1,10,0,1,2	//npc_hallucination：錯覚
208,0,0,0,0,0,10,0,1,2	//npc_rebirth：？
209,0,0,4,0,1,10,0,1,2	//npc_summonmonster：モンスター召還

//支援系パケットでテスト
//162 属性変更？：青いエフェクト
//163 属性変更？：赤（茶？）エフェクト
//164 属性変更？：赤エフェクト
//165 属性変更？：黄色エフェクト
//166 属性変更？：紫エフェクト
//167 属性変更？：白エフェクト
//168 属性変更？：黒エフェクト
//169 属性変更？：紫エフェクト２
//173 派手な爆発エフェクト（自爆？）
//??? ハイド見たいなエフェクト
//201 黒い羽（殻？）みたいなので覆われるエフェクト
//205 盾みたいなもの出現エフェクト

//攻撃系パケットでテスト
//160 槍が飛ぶ
//170 クリティカル
//171 小さな？火？みたいなのが出る
//172 照準がでる（ロックオン？）
//176 毒付加？
//178 なんかよくわからない記号のあとに×印（沈黙攻撃？）
//179 なにか白いものが飛びちった（スタン攻撃？）
//180 ストーンカース？
//182 Zzzマークが出る
//185 少し黄色く光ったきがする（気のせい？）
//186 炎系の攻撃っぽい（FWでのダメージっぽい）
//187 電撃系？のダメージっぽい
//188 紫っぽい（毒系ダメージ？）
//189 十字架エフェクト（聖なる攻撃っぽい）
//190 暗黒系のダメーじ？？
//191 185におなじ
//193 ハイドみたいに光った（バッシュかも？）
//194 同じく
//195 同じく
//197 同じく
//198 同じく
//199 HPのドレインっぽい
//200 SPのドレインっぽい
//201 193に同じ
//202 darkbreathでエラー（ダークブレス？ドラゴンの攻撃？）
//203 193に同じ
//204 193に同じ
//205 193に同じ
//206 193に同じ
//207 193に同じ
//208 193に同じ

//---EP3.0スキル---
//GD_APPROVAL#正規ギルド承認#
//GD_KAFRACONTRACT#カプラ雇用#
//GD_GUARDRESEARCH#ガーディアン研究#
//GD_CHARISMA#カリスマ#
//GD_EXTENSION#ギルド拡張#

//---EP4.0スキル---
210,0,0,0,0,0,10,0,0,0	//RG_SNATCHER#スナッチャー#
211,1,6,1,0,1,10,15,1,0	//RG_STEALCOIN#スティールコイン#
212,1,6,1,0,0,10,12,1,0	//RG_BACKSTAP#バックスタブ#
213,0,0,0,0,0,10,0,0,0	//RG_TUNNELDRIVE#トンネルドライブ#
214,0,6,4,0,1,5,25,1,0	//RG_RAID#サプライズアタック#
215,1,6,1,0,1,5,17:19:21:23:25,1,0	//RG_STRIPWEAPON#ストリップウエポン#
216,1,6,1,0,1,5,12:14:16:18:20,1,0	//RG_STRIPSHIELD#ストリップシールド#
217,1,6,1,0,1,5,17:19:21:23:25,1,0	//RG_STRIPARMOR#ストリップアーマー#
218,1,6,1,0,1,5,12:14:16:18:20,1,0	//RG_STRIPHELM#ストリップヘルム#
219,1,6,1,0,1,10,13:16:19:22:25,1,0	//RG_INTIMIDATE#インティミデイト#
220,0,6,2,0,1,1,15,1,0	//RG_GRAFFITI#グラフィティ#
221,0,6,2,0,1,5,10,1,0	//RG_FLAGGRAFFITI#フラッググラフィティ#
222,0,6,2,0,1,1,5,1,0	//RG_CLEANER#クリーナー#
223,0,0,0,0,0,5,0,0,0	//RG_GANGSTER#ギャングスターパラダイス#
224,0,0,0,0,0,5,0,0,0	//RG_COMPULSION#コムパルションディスカウント#
225,0,0,0,0,0,10,0,0,0	//RG_PLAGIARISM#クローンスキル#

226,0,0,0,0,0,10,0,0,0	//AM_AXEMASTERY#斧修練#
227,0,0,0,0,0,10,0,0,0	//AM_LERNINGPOTION#ラーニングポーション#
228,0,6,4,0,1,10,5,1,0	//AM_PHARMACY#ファーマシー#
229,8,6,2,0,1,5,10,1,0	//AM_DEMONSTRATION#デモンストレーション#
230,8,6,1,0,1,5,15,1,0	//AM_ACIDTERROR#アシッドテラー#
231,8,6,16,0,1,5,1,1,0	//AM_POTIONPITCHER#ポーションピッチャー#
232,8,6,2,0,1,5,20,1,0	//AM_CANNIBALIZE#バイオプラント#
233,8,6,2,0,1,5,10,1,0	//AM_SPHEREMINE#スフィアーマイン#
234,8,6,16,0,1,5,30,1,0	//AM_CP_WEAPON#ケミカルウェポンチャージ#
235,8,6,16,0,1,5,25,1,0	//AM_CP_SHIELD#ケミカルシールドチャージ#
236,8,6,16,0,1,5,25,1,0	//AM_CP_ARMOR#ケミカルアーマーチャージ#
237,8,6,16,0,1,5,20,1,0	//AM_CP_HELM#ケミカルヘルムチャージ#

238,0,0,0,0,0,1,0,0,0	//AM_BIOETHICS#生命倫理#
239,0,0,0,0,0,10,0,0,0	//AM_BIOTECHNOLOGY#生命工学研究#
240,0,0,0,0,0,5,0,0,0	//AM_CREATECREATURE#被造物創造#
241,0,0,0,0,0,5,0,0,0	//AM_CULTIVATION#カルトベイション#
242,0,0,0,0,0,5,0,0,0	//AM_FLAMECONTROL#フレームコントロール#
243,0,0,0,0,0,1,0,0,0	//AM_CALLHOMUN#コールホムンクルス#
244,0,0,0,0,0,1,0,0,0	//AM_REST#安息#
245,0,0,0,0,0,10,0,0,0	//AM_DRILLMASTER#ドリルマスター#
246,0,0,0,0,0,10,0,0,0	//AM_HEALHOMUN#ヒールホムンクルス#
247,0,0,0,0,0,10,0,0,0	//AM_RESURRECTHOMUN#リザレクションホムンクルス#

248,0,0,0,0,0,10,0,0,0	//CR_TRUST#フェイス#
249,0,6,4,0,1,10,12:14:16:18:20:22:24:26:28:30,1,0	//CR_AUTOGUARD#オートガード#
250,3,6,1,0,1,5,10,1,0	//CR_SHIELDCHARGE#シールドチャージ#
251,6,6,1,0,1,5,12,1,0	//CR_SHIELDBOOMERANG#シールドブーメラン#
252,0,6,4,0,1,10,35:40:45:50:55:60:65:70:75:80,1,0	//CR_REFLECTSHIELD#リフレクトシールド#
253,1,8,1,0,1,10,11:12:13:14:15:16:17:18:19:20,2,0	//CR_HOLYCROSS#ホーリークロス#
254,0,8,2,0,1,10,37:44:51:58:65:72:79:86:93:100,3,0	//CR_GRANDCROSS#グランドクロス#
255,8,6,16,0,1,5,25,1,0	//CR_DEVOTION#ディボーション#
256,8,6,16,0,1,5,30,1,0	//CR_PROVIDENCE#プロヴィデンス#
257,0,6,4,0,1,5,30,1,0	//CR_DEFENDER#ディフェンダー#
258,0,6,4,0,1,10,24:28:32:36:40:44:48:52:56:60,1,0	//CR_SPEARQUICKEN#スピアクイッケン#

259,0,0,0,0,0,10,0,0,0	//MO_IRONHAND#鉄拳#
260,0,0,0,0,0,5,0,0,0	//MO_SPIRITSRECOVERY#息吹#
261,0,6,4,0,1,5,10,1,0	//MO_CALLSPIRITS#気功#
262,6,6,16,0,1,1,5,1,0	//MO_ABSORBSPIRITS#気奪#
263,0,0,0,0,0,10,0,3,0	//MO_TRIPLEATTACK#三段掌#
264,50,6,2,0,1,1,10,1,0	//MO_BODYRELOCATION#残影#
265,0,0,0,0,0,10,0,0,0	//MO_DODGE#見切り#
266,1,6,1,0,0,5,10:14:17:19:20,1,0	//MO_INVESTIGATE#発勁#
267,8,8,1,0,0,5,10,1:2:3:4:5,0	//MO_FINGEROFFENSIVE#指弾#
268,0,6,4,0,1,5,200,1,0	//MO_STEELBODY#金剛#
269,0,6,4,0,1,5,10,1,0	//MO_BLADESTOP#白刃取り#
270,0,6,4,0,1,5,15,0,0	//MO_EXPLOSIONSPIRITS#爆裂波動#
271,1,6,1,0,0,5,1,1,0	//MO_EXTREMITYFIST#阿修羅覇鳳拳#
272,1,8,4,0,0,5,17:19:21:23:25,4,0	//MO_CHAINCOMBO#連打掌#
273,1,6,4,0,0,5,23:26:29:32:35,1,0	//MO_COMBOFINISH#猛龍拳#

274,0,0,0,0,0,10,0,0,0	//SA_ADVANCEDBOOK#アドバンスドブック#
275,0,6,4,0,1,5,2,1,0	//SA_CASTCANCEL#キャストキャンセル#
276,0,6,4,0,1,5,2,1,0	//SA_MAGICROD#マジックロッド#
277,8,6,2,0,1,5,10,1,0	//SA_SPELLBREAKER#スペルブレイカー#
278,0,0,0,0,0,10,0,0,0	//SA_FREECAST#フリーキャスト#
279,0,6,4,0,1,10,35,1,0	//SA_AUTOSPELL#オートスペル#
280,8,6,16,0,1,5,40,1,0	//SA_FLAMELAUNCHER#フレイムランチャー#
281,8,6,16,0,1,5,40,1,0	//SA_FROSTWEAPON#フロストウェポン#
282,8,6,16,0,1,5,40,1,0	//SA_LIGHTNINGLOADER#ライトニングローダー#
283,8,6,16,0,1,5,40,1,0	//SA_SEISMICWEAPON#サイズミックウェポン#
284,0,0,0,0,0,5,0,0,0	//SA_DRAGONOLOGY#ドラゴノロジー#
285,8,6,2,0,1,5,48:46:44:42:40,1,0	//SA_VOLCANO#ボルケーノ#
286,8,6,2,0,1,5,48:46:44:42:40,1,0	//SA_DELUGE#デリュージ#
287,8,6,2,0,1,5,48:46:44:42:40,1,0	//SA_VIOLENTGALE#バイオレントゲイル#
288,8,6,2,0,1,5,66:62:58:54:50,1,0	//SA_LANDPROTECTOR#ランドプロテクター#
289,8,6,1,0,1,5,0,1,0	//SA_DISPELL#ディスペル#
290,0,6,4,0,0,10,50,1,0	//SA_ABRACADABRA#アブラカタブラ#
// ＊291-303アブラカタブラ派生スキル？
// SA_MONOCELL#モノーセル#
// SA_CLASSCHANGE#クラスチェンジ#
// SA_SUMMONMONSTER#サモンモンスター#
// SA_REVERSEORCISH#リバースオキシー#
// SA_DEATH#デス#
// SA_FORTUNE#フォーチュン#
// SA_TAMINGMONSTER#テイミングモンスター#
// SA_QUESTION#クエスション#
// SA_GRAVITY#グラビティ#
// SA_LEVELUP#レベルアップ#
// SA_INSTANTDEATH#即死#
// SA_FULLRECOVERY#完全回復#
// SA_COMA#コーマ#

// ダンサーバード共通
304,0,6,4,0,1,1,0,1,0	//BD_ADAPTATION#アドリブ#
305,0,6,4,0,1,1,0,1,0	//BD_ENCORE#アンコール#
306,0,6,4,0,1,1,20,1,0	//BD_LULLABY#子守歌#
307,0,6,4,0,1,5,20,1,0	//BD_RICHMANKIM#ニヨルドの宴#
308,0,6,4,0,1,1,30,1,0	//BD_ETERNALCHAOS#永遠の混沌#
309,0,6,4,0,1,5,40:45:50:55:60,1,0	//BD_DRUMBATTLEFIELD#戦太鼓の響き#
310,0,6,4,0,1,5,40:45:50:55:60,1,0	//BD_RINGNIBELUNGEN#ニーベルングの指輪#
311,0,6,4,0,1,1,15,1,0	//BD_ROKISWEIL#ロキの叫び#
312,0,6,4,0,1,1,10,1,0	//BD_INTOABYSS#深淵の中に#
313,0,6,4,0,1,5,20,1,0	//BD_SIEGFRIED#不死身のジークフリード#
//314,0,0,0,0,0,1,0,1,0	//BD_RAGNAROK#ラグナロク#

// バードスキル
315,0,0,0,0,0,10,0,0,0	//BA_MUSICALLESSON#楽器の練習#
316,8,6,1,0,0,5,8,1,0	//BA_MUSICALSTRIKE#ミュージカルストライク#
317,0,8,4,0,1,5,18:21:24:27:30,11,0	//BA_DISSONANCE#不協和音#
318,0,6,4,0,1,5,12:14:16:18:20,1,0	//BA_FROSTJOKE#寒いジョーク#
319,0,6,4,0,1,10,24:28:32:36:40:44:48:52:56:60,1,0	//BA_WHISTLE#口笛#
320,0,6,4,0,1,10,38:41:44:47:50:53:56:59:62:65,1,0	//BA_ASSASSINCROSS#夕陽のアサシンクロス#
321,0,6,4,0,1,10,40:45:50:55:60:65:70:75:80:85,1,0	//BA_POEMBRAGI#ブラギの詩#
322,0,6,4,0,1,10,40:45:50:55:60:65:70:75:80:85,1,0	//BA_APPLEIDUN#イドゥンの林檎#

// ダンサースキル
323,0,0,0,0,0,10,0,0,0	//DC_DANCINGLESSON#ダンスの練習#
324,8,6,1,0,0,5,8,1,0	//DC_THROWARROW#矢撃ち#
325,0,8,4,0,1,5,23:26:29:32:35,1,0	//DC_UGLYDANCE#自分勝手なダンス#
326,0,6,4,0,1,5,12:14:16:18:20,1,0	//DC_SCREAM#スクリーム#
327,0,6,4,0,1,10,22:24:26:28:30:32:34:36:38:40,1,0	//DC_HUMMING#ハミング#
328,0,6,4,0,1,10,28:31:34:37:40:43:46:49:52:55,1,0	//DC_DONTFORGETME#私を忘れないで…#
329,0,6,4,0,1,10,43:46:49:52:55:58:61:64:67:70,1,0	//DC_FORTUNEKISS#幸運のキス#
330,0,6,4,0,1,10,40:45:50:55:60:65:70:75:80:85,1,0	//DC_SERVICEFORYOU#サービスフォーユー#

//Wedding Class
334,0,6,4,0,1,10,28:31:34:37:40:43:46:49:52:55,1,0	//BG_Skill_1#Bride Groom Skill 1#
335,0,6,4,0,1,10,43:46:49:52:55:58:61:64:67:70,1,0	//BG_Skill_2#Bride Groom Skill 2#
336,0,6,4,0,1,10,40:45:50:55:60:65:70:75:80:85,1,0	//BG#Skill_3#Bride Groom Skill 3#
