// 0 - novice, 1 - swordman, 2 - mage, 3 - archer, 4 - acolyte, 5 - merchant, 6 - thief, 7 - knight, 8 - priest, 9 - wizard, 10 - blacksmith, 11 - hunter, 12 - assassin, 13 - peco ride knight, 14 - crusader, 15 - monk, 16 - sage, 17 - rouge, 18 - alchemist, 19 - bard, 20 - dancer, 21 - peco ride crusader
// ペコペコに乗った場合の物は未実装(て言うか本鯖にも適用されてませんが,,,)
// 装備職業が99の場合は全ての職業が装備できる物になる
// アイテム番号,アイテム名前(ダミー),装備職業1,装備職業2,装備職業3, ...... ,装備職業22
// equip genderは装備(または使用)できる性別で0:女、1:男、2:両方
// equip levelは装備(または使用)できるレベル。0でレベルチェックなし
// ID,Name,equip gender,equip level,equip class1,equip class2,equip class3, ...... ,equip class22

501,Red_Potion,2,0,99
502,Orange_Potion,2,0,99
503,Yellow_Potion,2,0,99
504,White_Potion,2,0,99
505,Blue_Potion,2,0,99
506,Green_Potion,2,0,99
507,Red_Herb,2,0,99
508,Yellow_Herb,2,0,99
509,White_Herb,2,0,99
510,Blue_Herb,2,0,99
511,Green_Herb,2,0,99
512,Apple,2,0,99
513,Banana,2,0,99
514,Grape,2,0,99
515,Carrot,2,0,99
516,Sweet_Potato,2,0,99
517,Meat,2,0,99
518,Honey,2,0,99
519,Milk,2,0,99
520,Leaflet_of_Hinalle,2,0,99
521,Leaflet_of_Aloe,2,0,99
522,Fruit_of_Mastela,2,0,99
523,Holy_Water,2,0,99
525,Panacea,2,0,99
526,Royal_Jelly,2,0,99
528,Monster's_Feed,2,0,99
529,Candy,2,0,99
530,Candy_Striper,2,0,99
531,Apple_Juice,2,0,99
532,Banana_Juice,2,0,99
533,Grape_Juice,2,0,99
534,Carrot_Juice,2,0,99
535,Pumpkin,2,0,99
536,Ice_Cream,2,0,99
537,Pet_Food,2,0,99
538,Well_Baked_Cookie,2,0,99
539,Piece_of_Cake,2,0,99
540,Falcon_food,2,0,99
541,Pecopeco_food,2,0,99
542,Festive_Cookie,2,0,99
543,Festive_Rainbow_Cake,2,0,99
544,Fish_Slice,2,0,99
545,Red_Slim_Potion,2,0,99
546,Yellow_Slim_Potion,2,0,99
547,White_Slim_Potion,2,0,99
548,Cheese,2,0,99
549,Chestnut_Sweet_Potato,2,0,99
550,Popped_Rice,2,0,99
551,,2,0,99
601,Wing_of_Fly,2,0,99
602,Wing_of_Butterfly,2,0,99
603,Old_Blue_Box,2,0,99
604,Branch_of_Dead_tree,2,0,99
605,Anodyne,2,0,99
606,Aloebera,2,0,99
607,Yggdrasilberry,2,0,99
608,Seed_of_Yggdrasil,2,0,99
609,Amulet,2,0,99
610,Leaf_of_Yggdrasil,2,0,99
611,Spectacles,2,0,99
612,Portable_Furnace,2,0,99
613,Iron_Hammer,2,0,99
614,Golden_Hammer,2,0,99
615,Oridecon_Hammer,2,0,99
616,Old_Card_Album,2,0,99
617,Old_Violet_Box,2,0,99
618,Worn_Out_Scroll,2,0,99
619,Unripe_Apple,2,0,99
620,Orange_Juice,2,0,99
621,Bitter_Herb,2,0,99
622,Rainbow_Carrot,2,0,99
623,Earthworm_the_Dude,2,0,99
624,Rotten_Fish,2,0,99
625,Rusty_Iron,2,0,99
626,Monster_Juice,2,0,99
627,Sweet_Milk,2,0,99
628,Well_Dried_Bone,2,0,99
629,Singing_Flower,2,0,99
630,Dew_Laden_Moss,2,0,99
631,Deadly_Noxious_Herb,2,0,99
632,Fatty_Chubby_Earthworm,2,0,99
633,Baked_Yam,2,0,99
634,Tropical_Banana,2,0,99
635,Horror_of_Tribe,2,0,99
636,No_Recipient,2,0,99
637,Old_Broom,2,0,99
638,Silver_Knife_of_Chastity,2,0,99
639,Armlet_of_Obedience,2,0,99
640,Shining_Stone,2,0,99
641,Contracts_in_Shadow,2,0,99
642,Book_of_Devil,2,0,99
643,Pet_Incubator,2,0,99
644,Gift_Box,2,0,99
645,Concentration_Potion,2,0,99
656,Awakening_Potion,2,40,0,1,2,3,5,6,7,9,10,11,12,14,15,16,17,18
657,Verserk_Potion,2,85,1,2,5,7,9,10,14,17,18
658,Union_of_Tribe,2,0,99
659,Heart_of_Her,2,0,99
660,Forbidden_Red_Candle,2,0,99
661,Flapping_Apron,2,0,99
663,,2,0,99

1101,Sword,2,2,0,1,5,6,7,10,12,14,17,18,21,23
1102,Sword_,2,2,0,1,5,6,7,10,12,14,17,18,21,23
1103,Sword__,2,2,0,1,5,6,7,10,12,14,17,18,21,23
1104,Falchion,2,2,0,1,5,6,7,10,12,14,17,18,21,23
1105,Falchion_,2,2,0,1,5,6,7,10,12,14,17,18,21,23
1106,Falchion__,2,2,0,1,5,6,7,10,12,14,17,18,21,23
1107,Blade,2,2,0,1,5,6,7,10,12,14,17,18,21,23
1108,Blade_,2,2,0,1,5,6,7,10,12,14,17,18,21,23
1109,Blade__,2,2,0,1,5,6,7,10,12,14,17,18,21,23
1110,Lapier,2,14,0,1,5,6,7,10,12,14,17,18,21,23
1111,Lapier_,2,14,0,1,5,6,7,10,12,14,17,18,21,23
1112,Lapier__,2,14,0,1,5,6,7,10,12,14,17,18,21,23
1113,Scimiter,2,14,0,1,5,6,7,10,12,14,17,18,21,23
1114,Scimiter_,2,14,0,1,5,6,7,10,12,14,17,18,21,23
1115,Scimiter__,2,14,0,1,5,6,7,10,12,14,17,18,21,23
1116,Katana,2,4,1,7,14,21
1117,Katana_,2,4,1,7,14,21
1118,Katana__,2,4,1,7,14,21
1119,Tsurugi,2,27,0,1,5,6,7,10,12,14,17,18,21,23
1120,Tsurugi_,2,27,0,1,5,6,7,10,12,14,17,18,21,23
1121,Tsurugi__,2,27,0,1,5,6,7,10,12,14,17,18,21,23
1122,Ring_pommel_Saber,2,14,0,1,5,6,7,10,12,14,17,18,21,23
1123,Haedonggum,2,27,0,1,5,6,7,10,12,14,17,18,21,23
1124,Orcish_sword,2,5,0,1,5,6,7,10,12,14,17,18,21,23
1125,Ring_pommel_Saber_,2,14,0,1,5,6,7,10,12,14,17,18,21,23
1126,Saber,2,27,0,1,5,6,7,10,12,14,17,18,21,23
1127,Saber_,2,27,0,1,5,6,7,10,12,14,17,18,21,23
1128,Hae_Dong_Gum_,2,27,0,1,5,6,7,10,12,14,17,18,21,23
1129,Flamberge,2,27,7,14
1130,Nagan,2,40,0,1,5,6,7,10,12,14,17,18,21,23
1131,Ice_Falchon,2,40,0,1,5,6,7,10,12,14,17,18,21,23
1132,Edge,2,40,0,1,5,6,7,10,12,14,17,18,21,23
1133,Fire_brand,2,40,0,1,5,6,7,10,12,14,17,18,21,23
1134,Scissors_Sword,2,40,0,1,5,6,7,10,12,14,17,18,21,23
1135,Cutlas,2,40,0,1,5,6,7,10,12,14,17,18,21,23
1136,Solar_Sword,2,40,0,1,5,6,7,10,12,14,17,18,21,23
1137,Excalibur,2,40,0,1,5,6,7,10,12,14,17,18,21,23
1138,Mysteltainn_,2,40,0,1,5,6,7,10,12,14,17,18,21,23
1139,Tale_Fing,2,40,0,1,5,6,7,10,12,14,17,18,21,23
1140,Byeorrun_Gum,2,40,0,1,5,6,7,10,12,14,17,18,21,23
1141,Immaterial_Sword,2,40,0,1,5,6,7,10,12,14,17,18,21,23
1142,Center_Potion,2,68,0,1,5,6,7,10,12,14,17,18,21,23
1143,Guy_Smallness,2,74,0,1,5,6,7,10,12,14,17,18,21,23
1144,Strabismus,2,48,0,1,5,6,7,10,12,14,17,18,21,23
1151,Slayer,2,18,1,7,14,21
1152,Slayer_,2,18,1,7,14,21
1153,Slayer__,2,18,1,7,14,21
1154,Bastard_Sword,2,18,1,7,14,21
1155,Bastard_Sword_,2,18,1,7,14,21
1156,Bastard_Sword__,2,18,1,7,14,21
1157,Two_hand_Sword,2,33,1,7,14,21
1158,Two_hand_Sword_,2,33,1,7,14,21
1159,Two_hand_Sword__,2,33,1,7,14,21
1160,Broad_Sword,2,33,1,7,14,21
1161,Balmung,2,48,99
1162,Broad_Sword_,2,33,1,7,14,21
1163,Claymore,2,33,1,7,14,21
1164,Muramasa,2,48,1,7,14,21
1165,Masamune,2,48,1,7,14,21
1166,Dragon_Slayer,2,48,1,7,14,21
1167,Schweizersabel,2,48,1,7,14,21
1168,Zweihander,2,48,1,7,14,21
1169,Executioner_,2,48,1,7,14,21
1170,Katzbalger,2,48,1,7,14,21
1201,Knife,2,1,0,1,2,3,5,6,7,9,10,11,12,14,16,17,18,19,20,21,23
1202,Knife_,2,1,0,1,2,3,5,6,7,9,10,11,12,14,16,17,18,19,20,21,23
1203,Knife__,2,1,0,1,2,3,5,6,7,9,10,11,12,14,16,17,18,19,20,21,23
1204,Cutter,2,1,0,1,2,3,5,6,7,9,10,11,12,14,16,17,18,19,20,21,23
1205,Cutter_,2,1,0,1,2,3,5,6,7,9,10,11,12,14,16,17,18,19,20,21,23
1206,Cutter__,2,1,0,1,2,3,5,6,7,9,10,11,12,14,16,17,18,19,20,21,23
1207,Main_gauche,2,1,0,1,2,3,5,6,7,9,10,11,12,14,16,17,18,19,20,21,23
1208,Main_gauche_,2,1,0,1,2,3,5,6,7,9,10,11,12,14,16,17,18,19,20,21,23
1209,Main_gauche__,2,1,0,1,2,3,5,6,7,9,10,11,12,14,16,17,18,19,20,21,23
1210,Dirk,2,12,0,1,2,3,5,6,7,9,10,11,12,14,16,17,18,19,20,21,23
1211,Dirk_,2,12,0,1,2,3,5,6,7,9,10,11,12,14,16,17,18,19,20,21,23
1212,Dirk__,2,12,0,1,2,3,5,6,7,9,10,11,12,14,16,17,18,19,20,21,23
1213,Dagger,2,12,0,1,2,3,5,6,7,9,10,11,12,14,16,17,18,19,20,21,23
1214,Dagger_,2,12,0,1,2,3,5,6,7,9,10,11,12,14,16,17,18,19,20,21,23
1215,Dagger__,2,12,0,1,2,3,5,6,7,9,10,11,12,14,16,17,18,19,20,21,23
1216,Stiletto,2,12,0,1,2,3,5,6,7,9,10,11,12,14,16,17,18,19,20,21,23
1217,Stiletto_,2,12,0,1,2,3,5,6,7,9,10,11,12,14,16,17,18,19,20,21,23
1218,Stiletto__,2,12,0,1,2,3,5,6,7,9,10,11,12,14,16,17,18,19,20,21,23
1219,Gladius,2,24,0,1,2,3,5,6,7,9,10,11,12,14,16,17,18,19,20,21,23
1220,Gladius_,2,24,0,1,2,3,5,6,7,9,10,11,12,14,16,17,18,19,20,21,23
1221,Gladius__,2,24,0,1,2,3,5,6,7,9,10,11,12,14,16,17,18,19,20,21,23
1222,Damascus,2,24,0,1,2,3,5,6,7,9,10,11,12,14,16,17,18,19,20,21,23
1223,Fortune_Sword,2,36,0,1,2,3,5,6,7,9,10,11,12,14,16,17,18,19,20,21,23
1224,Sword_Breaker,2,36,0,1,2,3,5,6,7,9,10,11,12,14,16,17,18,19,20,21,23
1225,Mail_Breaker,2,36,0,1,2,3,5,6,7,9,10,11,12,14,16,17,18,19,20,21,23
1226,Damascus_,2,24,0,1,2,3,5,6,7,9,10,11,12,14,16,17,18,19,20,21,23
1227,Weeder_Knife,2,36,0,1,2,3,5,6,7,9,10,11,12,14,16,17,18,19,20,21,23
1228,Combat_Knife,2,36,0,1,2,3,5,6,7,9,10,11,12,14,16,17,18,19,20,21,23
1229,Mama's_Knife,2,36,0,1,2,3,5,6,7,9,10,11,12,14,16,17,18,19,20,21,23
1230,House_Auger,2,36,0,1,2,3,5,6,7,9,10,11,12,14,16,17,18,19,20,21,23
1231,Bazerald,2,36,0,1,2,3,5,6,7,9,10,11,12,14,16,17,18,19,20,21,23
1232,Assasin_Dagger,2,36,0,1,2,3,5,6,7,9,10,11,12,14,16,17,18,19,20,21,23
1233,Exercise,2,36,0,1,2,3,5,6,7,9,10,11,12,14,16,17,18,19,20,21,23
1234,Moonlight_Sword,2,36,0,1,2,3,5,6,7,9,10,11,12,14,16,17,18,19,20,21,23
1235,Azoth,2,36,0,1,2,3,5,6,7,9,10,11,12,14,16,17,18,19,20,21,23
1236,Sucsamad,2,36,0,1,2,3,5,6,7,9,10,11,12,14,16,17,18,19,20,21,23
1237,Grimtooth,2,36,0,1,2,3,5,6,7,9,10,11,12,14,16,17,18,19,20,21,23
1238,Zeny_Knife,2,40,0,1,2,3,5,6,7,9,10,11,12,14,16,17,18,19,20,21,23
1239,Poison_Knife,2,65,0,1,2,3,5,6,7,9,10,11,12,14,16,17,18,19,20,21,23
1240,Taxsu_Knife,2,1,0,1,2,3,5,6,7,9,10,11,12,14,16,17,18,19,20,21,23
1301,Axe,2,3,0,1,5,6,7,10,12,14,17,18,21,23
1302,Axe_,2,3,0,1,5,6,7,10,12,14,17,18,21,23
1303,Axe__,2,3,0,1,5,6,7,10,12,14,17,18,21,23
1304,Orcish_Axe,2,3,0,1,5,6,7,10,12,14,17,18,21,23
1305,Cleaver,2,44,0,1,5,7,10,14,18,21,23
1306,We_Misfortune,2,76,10
1351,Battle_Axe,2,3,1,5,7,10,14,18
1352,Battle_Axe_,2,3,1,5,7,10,14,18
1353,Battle_Axe__,2,3,1,5,7,10,14,18
1354,Hammer,2,16,1,5,7,10,14,18
1355,Hammer_,2,16,1,5,7,10,14,18
1356,Hammer__,2,16,1,5,7,10,14,18
1357,Buster,2,30,1,5,7,10,14,18
1358,Buster_,2,30,1,5,7,10,14,18
1359,Buster__,2,30,1,5,7,10,14,18
1360,Two_handed_Axe,2,30,1,5,7,10,14,18
1361,Two_handed_Axe_,2,30,1,5,7,10,14,18
1362,Two_handed_Axe__,2,30,1,5,7,10,14,18
1363,Brood_Axe,2,44,1,5,7,10,14,18
1364,Great_Axe,2,44,1,5,7,10,14,18
1365,Sabbath,2,44,1,5,7,10,14,18
1366,Right_Epsilon,2,44,1,5,7,10,14,18
1367,Slaughter,2,44,1,5,7,10,14,18
1368,Tomahawk,2,44,1,5,7,10,14,18
1369,Guillotine,2,44,1,5,7,10,14,18
1401,Javelin,2,4,1,7,14,21
1402,Javelin_,2,41,7,14,21
1403,Javelin__,2,4,1,7,14,21
1404,Spear,2,4,1,7,14,21
1405,Spear_,2,4,1,7,14,21
1406,Spear__,2,4,1,7,14,21
1407,Pike,2,4,1,7,14,21
1408,Pike_,2,4,1,7,14,21
1409,Pike__,2,4,1,7,14,21
1410,Lance,2,33,7,14,21
1411,Lance_,2,33,7,14,21
1412,Lance__,2,33,7,14,21
1413,Gungnir,2,4,1,7,14,21
1414,Gelerdria,2,48,1,7,14,21
1415,Skewer,2,48,1,7,14,21
1416,Tjungkuletti,2,48,1,7,14,21
1417,Pawl_Misfortune,2,71,1,7,14,21
1451,Guisarme,2,18,1,7,14,21
1452,Guisarme_,2,18,1,7,14,21
1453,Guisarme__,2,18,1,7,14,21
1454,Glaive,2,18,1,7,14,21
1455,Glaive_,2,18,1,7,14,21
1456,Glaive__,2,18,1,7,14,21
1457,Partizan,2,18,1,7,14,21
1458,Partizan_,2,18,1,7,14,21
1459,Partizan__,2,18,1,7,14,21
1460,Trident,2,33,1,7,14,21
1461,Trident_,2,33,1,7,14,21
1462,Trident__,2,33,1,7,14,21
1463,Halberd,2,33,1,7,14,21
1464,Halberd_,2,33,1,7,14,21
1465,Halberd__,2,33,1,7,14,21
1501,Club,2,2,0,1,4,5,7,8,10,14,15,18,23
1502,Club_,2,2,0,1,4,5,7,8,10,14,15,18,23
1503,Club__,2,2,0,1,4,5,7,8,10,14,15,18,23
1504,Mace,2,2,0,1,4,5,7,8,10,14,15,18,23
1505,Mace_,2,2,0,1,4,5,7,8,10,14,15,18,23
1506,Mace__,2,2,0,1,4,5,7,8,10,14,15,18,23
1507,Smasher,2,14,0,1,4,5,7,8,10,14,15,18,23
1508,Smasher_,2,14,0,1,4,5,7,8,10,14,15,18,23
1509,Smasher__,2,14,0,1,4,5,7,8,10,14,15,18,23
1510,Flail,2,14,0,1,4,5,7,8,10,14,15,18,23
1511,Flail_,2,14,0,1,4,5,7,8,10,14,15,18,23
1512,Flail__,2,14,0,1,4,5,7,8,10,14,15,18,23
1513,Morning_Star,2,27,0,1,4,5,7,8,10,14,15,18,23
1514,Morning_Star_,2,27,0,1,4,5,7,8,10,14,15,18,23
1515,Morning_Star__,2,27,0,1,4,5,7,8,10,14,15,18,23
1516,Sword_Mace,2,27,0,1,4,5,7,8,10,14,15,18,23
1517,Sword_Mace_,2,27,0,1,4,5,7,8,10,14,15,18,23
1518,Sword_Mace__,2,27,0,1,4,5,7,8,10,14,15,18,23
1519,Chain,2,14,0,1,4,5,7,8,10,14,15,18,23
1520,Chain_,2,14,0,1,4,5,7,8,10,14,15,18,23
1521,Chain__,2,14,0,1,4,5,7,8,10,14,15,18,23
1522,Stunner,2,27,8
1523,Spike,2,40,0,1,4,5,7,8,10,14,15,18,23
1524,Golden_Mace,2,40,0,1,4,5,7,8,10,14,15,18,23
1525,Long_Mace,2,40,0,1,4,5,7,8,10,14,15,18,23
1526,Slash,2,40,0,1,4,5,7,8,10,14,15,18,23
1527,Quadrille,2,40,0,1,4,5,7,8,10,14,15,18,23
1528,Grand_Cross,2,40,0,1,4,5,7,8,10,14,15,18,23
1529,Slang_Driver,2,78,8
1530,Myolnilu,2,98,0,1,4,5,7,8,10,14,15,18,23
1531,Spanner,2,55,4,8,15
1550,Book,2,27,2,14,8,16
1551,Bible,2,27,8,16
1552,Tablet,2,27,8,16
1553,Book_of_Billows,2,27,8,16
1554,Book_of_Mother_Earth,2,27,8,16
1555,Book_of_Blazing_Sun,2,27,8,16
1556,Book_of_Gust_of_Wind,2,27,8,16
1557,Book_of_the_Apocalypse,2,40,8,16
1558,Girl's_Diary,2,40,8,16
1601,Rod,2,1,0,2,4,8,9,15,16,23
1602,Rod_,2,1,0,2,4,8,9,15,16,23
1603,Rod__,2,1,0,2,4,8,9,15,16,23
1604,Wand,2,12,0,2,4,8,9,15,16,23
1605,Wand_,2,12,0,2,4,8,9,15,16,23
1606,Wand__,2,12,0,2,4,8,9,15,16,23
1607,Staff,2,12,0,2,4,8,9,15,16,23
1608,Staff_,2,12,0,2,4,8,9,15,16,23
1609,Staff__,2,12,0,2,4,8,9,15,16,23
1610,Arc_Wand,2,24,0,2,4,8,9,15,16,23
1611,Arc_Wand_,2,24,0,2,4,8,9,15,16,23
1612,Arc_Wand__,2,24,0,2,4,8,9,15,16,23
1613,Mighty_Staff,2,24,2,4,8,9,15,16
1614,Blessed_Wand,2,24,0,2,4,8,9,15,16,23
1615,Bone_Wand,2,24,0,2,4,8,9,15,16
1701,Bow,2,4,3,6,11,17,19,20
1702,Bow_,2,4,3,6,11,17,19,20
1703,Bow__,2,4,3,6,11,17,19,20
1704,Composite_Bow,2,4,3,6,11,17,19,20
1705,Composite_Bow_,2,4,3,6,11,17,19,20
1706,Composite_Bow__,2,4,3,6,11,17,19,20
1707,Great_Bow,2,18,3,6,11,17,19,20
1708,Great_Bow_,2,18,3,6,11,17,19,20
1709,Great_Bow__,2,18,3,7,11,17,19,20
1710,CrossBow,2,18,3,6,11,17,19,20
1711,CrossBow_,2,18,3,6,11,17,19,20
1712,CrossBow__,2,18,3,6,11,17,19,20
1713,Arbalest,2,33,3,6,11,17,19,20
1714,Kakkung,2,33,3,6,11,17,19,20
1715,Arbalest_,2,33,3,6,11,17,19,20
1716,Kakkung_,2,33,3,6,11,17,19,20
1718,Hunter_Bow,2,33,11
1719,Bow_of_Roguemaster,2,48,6,17
1720,Bow_of_Rudra,2,48,3,6,11,17,19,20
1801,Waghnakh,2,1,15
1802,Waghnakh_,2,1,15
1803,Knuckle_Duster,2,12,15
1804,Knuckle_Duster_,2,12,15
1805,Hora,2,12,15
1806,Hora_,2,12,15
1807,Fist,2,24,15
1808,Fist_,2,24,15
1809,Claw,2,24,15
1810,Claw_,2,24,15
1811,Finger,2,24,15
1812,Finger_,2,24,15
1813,Kaiser_Knuckle,2,36,15
1814,Berserk,2,36,15
1901,Violin,2,2,19
1902,Violin_,2,2,19
1903,Mandolin,2,14,19
1904,Mandolin_,2,14,19
1905,Lute,2,14,19
1906,Lute_,2,14,19
1907,Guitar,2,27,19
1908,Guitar_,2,27,19
1909,Harp,2,27,19
1910,Harp_,2,27,19
1911,Guh_Moon_Goh,2,27,19
1912,Guh_Moon_Goh_,2,27,19
1950,Rope,2,3,20
1951,Rope_,2,3,20
1952,Line,2,16,20
1953,Line_,2,16,20
1954,Wire,2,16,20
1955,Wire_,2,16,20
1956,Rante,2,30,20
1957,Rante_,2,30,20
1958,Tail,2,30,20
1959,Tail_,2,30,20
1960,Whip,2,30,20
1961,Whip_,2,30,20
1962,Lariat,2,44,20
1963,Rapture_Rose,2,44,20
2101,Guard,2,0,99

2102,Guard_,2,0,99

2103,Buckler,2,0,1,4,5,6,7,8,10,12,15,17,18,19,20,23
2104,Buckler_,2,0,1,4,5,6,7,8,10,12,15,17,18,19,20,23
2105,Shield,2,0,1,7,14,21,23
2106,Shield_,2,0,1,7,14,21,23
2107,Mirror_Shield,2,0,1,7,14,21,23
2108,Mirror_Shield_,2,0,1,7,14,21,23
2109,Memory's_book,2,0,2,9,16,23
2201,Sunglasses,2,0,99
2202,Sunglasses_,2,0,99
2203,Glasses,2,0,99
2204,Glasses_,2,0,99
2205,Diver's_Goggles,2,0,99
2206,Wedding_Veil,0,0,99
2207,Fancy_Flower,2,0,99
2208,Ribbon,2,0,99
2209,Ribbon_,2,0,99
2210,Hair_Band,2,0,99
2211,Bandana,2,0,99
2212,Eye_Bandage,2,0,99
2213,Cat_Hairband,2,0,99
2214,Bunny_Band,2,0,99
2215,Flower_Hairband,2,0,99
2216,Biretta,2,0,4,8,15
2217,Biretta_,2,0,4,8,15
2218,Flu_Mask,2,0,99
2219,Flu_Mask_,2,0,99
2220,Hat,2,0,99
2221,Hat_,2,0,99
2222,Turban,2,0,99
2223,Turban_,2,0,99
2224,Goggle,2,0,1,5,6,7,10,12,14,17,18,23
2225,Goggle_,2,0,1,5,6,7,10,12,14,17,18,23
2226,Cap,2,0,1,5,6,7,10,12,14,17,18,23
2227,Cap_,2,0,1,5,6,7,10,12,14,17,18,23
2228,Helm,2,0,1,7,14
2229,Helm_,2,0,1,7,14
2230,Gemmed_Sallet,2,0,1,5,6,7,10,12,14,17,18,23
2231,Gemmed_Sallet_,2,0,1,5,6,7,10,12,14,17,18,23
2232,Circlet,2,0,2,4,8,9,15,16,23
2233,Circlet_,2,0,2,4,8,9,15,16,23
2234,Tiara,0,45,1,2,3,4,5,6,7,8,9,10,11,12,14,15,16,17,18,19,20,21,23
2235,Crown,1,45,1,2,3,4,5,6,7,8,9,10,11,12,14,15,16,17,18,19,20,21,23
2236,Santa's_Hat,2,0,99
2239,One_Eyed_Glass,2,0,99
2241,Granpa_Beard,2,0,99
2242,Luxury_Sunglasses,2,0,99
2243,Spinning_Eyes,2,0,99
2244,Big_Sis'_Ribbon,2,0,99
2245,Sweet_Gents,2,0,99
2246,Golden_Gear,2,40,1,2,3,4,5,6,7,8,9,10,11,12,14,15,16,17,18,19,20,21,23
2247,Oldman's_Romance,2,0,99
2248,Western_Grace,2,0,99
2249,Coronet,2,0,1,2,3,4,5,6,7,8,9,10,11,12,14,15,16,17,18,19,20,21,23
2250,Fillet,2,0,99
2251,Holy_Bonnet,2,0,4,8,15
2252,Star_Sparkling,2,0,2,9,16
2253,Sunflower,2,0,99
2254,Angelic_Chain,2,0,99
2255,Satanic_Chain,2,0,99
2256,Magestic_Goat,2,0,1,5,7,10,14,18,23
2257,Snowy_Horn,2,0,99
2258,Sharp_Gear,2,50,1,2,3,4,5,6,7,8,9,10,11,12,14,15,16,17,18,19,20,21,23
2259,Mini_Propeller,2,0,99
2260,Mini_Glasses,2,0,99
2261,Prontera_Army_Cap,2,0,1,3,5,6,7,10,11,12,14,17,18,19,20,23
2262,Pierrot_Nose,2,0,99
2263,Gangster_Patch,2,0,99
2264,Munak_Turban,2,0,99
2265,Ganster_Mask,2,0,99
2266,Iron_Cane,2,50,1,7,14
2267,Cigar,2,0,1,2,3,4,5,6,7,8,9,10,11,12,14,15,16,17,18,19,20,21,23
2268,Smoking_Pipe,2,0,1,2,3,4,5,6,7,8,9,10,11,12,14,15,16,17,18,19,20,21,23
2269,Centimental_Flower,2,0,99
2270,Centimental_Leaf,2,0,99
2271,Jack_a_Dandy,2,0,99
2272,Stop_Post,2,0,99
2273,Doctor_Cap,2,0,99
2274,Ghost_Bandana,2,0,99
2275,Red_Bandana,2,0,99
2276,Eagle_Eyes,2,0,99
2277,Nurse_Cap,2,0,4,8,15
2278,Mr_Smile,2,0,99
2279,Bomb_Wick,2,0,99
2280,Sahkkat,2,0,99
2281,Phantom_of_Opera,2,0,99
2282,Spirit_Chain,2,0,99
2283,Ear_Mufs,2,0,99
2284,Antler,2,0,99
2285,Apple_Of_Archer,2,30,99
2286,Elven_Ears,2,70,99
2287,Pirate_Bandana,2,0,99
2288,Mr_Scream,2,0,99
2289,Poo_Poo_Hat,2,0,99
2290,Funeral_Costume,2,0,99
2291,Masquerade,2,0,99
2292,Welding_Mask,2,50,5,10,18
2293,Pretend_Murdered,2,0,99
2294,Star_Dust,2,0,99
2295,Blinker,2,0,99
2296,Binoculars,2,50,3,11,19,20
2297,Goblini_Mask,2,0,99
2298,Green_Feeler,2,0,99
2299,Viking_Helm,2,0,1,5,6,7,10,12,14,17,18,23
2301,Cotton_Shirt,2,0,99
2302,Cotton_Shirt_,2,0,99
2303,Leather_Jacket,2,0,99
2304,Leather_Jacket_,2,0,99
2305,Adventure_Suit,2,0,99
2306,Adventurere's_Suit_,2,0,99
2307,Mantle,2,0,1,3,5,6,7,10,11,12,14,17,18,19,20,21,23
2308,Mantle_,2,0,1,3,5,6,7,10,11,12,14,17,18,19,20,21,23
2309,Coat,2,0,1,3,5,6,7,10,11,12,14,17,18,19,20,21,23
2310,Coat_,2,0,1,3,5,6,7,10,11,12,14,17,18,19,20,21,23
2311,Mink_Coat,2,30,1,2,3,4,5,6,7,8,9,10,11,12,14,15,16,17,18,19,20,21,23
2312,Padded_Armor,2,0,1,5,6,7,10,12,14,17,18,23
2313,Padded_Armor_,2,0,1,5,6,7,10,12,14,17,18,23
2314,Chain_Mail,2,0,1,5,6,7,10,12,14,17,18,23
2315,Chain_Mail_,2,0,1,5,6,7,10,12,14,17,18,23
2316,Plate_Armor,2,40,1,7,14,21
2317,Plate_Armor_,2,40,1,7,14,21
2318,Clothes_of_the_Lord,2,70,5,10,18
2319,Glittering_Clothes,2,60,5,10,18
2320,Formal_Suit,2,0,1,2,3,4,5,6,7,8,9,10,11,12,14,15,16,17,18,19,20,21,23
2321,Silk_Robe,2,0,1,2,3,4,5,6,7,8,9,10,11,12,14,15,16,17,18,19,20,21,23
2322,Silk_Robe_,2,0,1,2,3,4,5,6,7,8,9,10,11,12,14,15,16,17,18,19,20,21,23
2323,Scapulare,2,0,4,8,15
2324,Scapulare_,2,0,4,8,15
2325,Saint_Robe,2,0,1,4,5,7,8,10,14,15,18,21,23
2326,Saint_Robe_,2,0,1,4,5,7,8,10,14,15,18,21,23
2327,Holy_Robe,2,0,4,8,15
2328,Wooden_Mail,2,0,1,5,7,10,14,18,21,23
2329,Wooden_Mail_,2,0,1,5,7,10,14,18,21,23
2330,Tights,2,45,3,11,19,20
2331,Tights_,2,45,3,11,19,20
2332,Silver_Robe,2,0,2,9,16
2333,Silver_Robe_,2,0,2,9,16
2334,Mage_Coat,2,40,2,9,16
2335,Thief_Clothes,2,0,6,12,17
2336,Thief_Clothes_,2,0,6,12,17
2337,Ninja_Suit,2,50,6,12,17
2338,Wedding_Dress,0,0,99
2339,G_Strings,2,0,99
2340,Novice_Breastplate,2,10,0,23
2341,Full_Plate_Armor,2,70,14
2342,Full_Plate_Armor,2,70,14
2343,Robe_of_Casting,2,75,9,16
2401,Sandals,2,0,99
2402,Sandals_,2,0,99
2403,Shoes,2,0,1,2,3,4,5,6,7,8,9,10,11,12,14,15,16,17,18,19,20,21,23
2404,Shoes_,2,0,1,2,3,4,5,6,7,8,9,10,11,12,14,15,16,17,18,19,20,21,23
2405,Boots,2,0,1,3,5,6,7,10,11,12,14,17,18,19,20,21,23
2406,Boots_,2,0,1,3,5,6,7,10,11,12,14,17,18,19,20,21,23
2407,Chrystal_Pumps,0,0,1,2,3,4,5,6,7,8,9,10,11,12,14,15,16,17,18,19,20,21,23
2408,Cuffs,2,0,0,1,2,3,4,5,6,7,8,9,10,11,12,14,15,16,17,18,19,20,21,23
2409,Spiky_Heel,2,0,1,3,5,6,7,10,11,12,14,17,18,19,20,21,23
2410,Sleipner,2,95,1,2,3,4,5,6,7,8,9,10,11,12,14,15,16,17,18,19,20,21,23
2411,Greaves,2,65,7,14,21
2412,Greaves_,2,65,7,14,21
2413,Safety_Shoes,2,30,1,7,14,21
2501,Hood,2,0,99
2502,Hood_,2,0,99
2503,Muffler,2,0,1,2,3,4,5,6,7,8,9,10,11,12,14,15,16,17,18,19,20,21,23
2504,Muffler_,2,0,1,2,3,4,5,6,7,8,9,10,11,12,14,15,16,17,18,19,20,21,23
2505,Manteau,2,0,1,5,6,7,10,12,14,17,18,23
2506,Manteau_,2,0,1,5,6,7,10,12,14,17,18,23
2507,Cape_Of_Ancient_Lord,2,40,1,2,3,4,5,6,7,8,9,10,11,12,14,15,16,17,18,19,20,21,23
2508,Ragamuffin_Cape,2,0,1,2,3,4,5,6,7,8,9,10,11,12,14,15,16,17,18,19,20,21,23
2601,Ring,2,20,1,2,3,4,5,6,7,8,9,10,11,12,14,15,16,17,18,19,20,21,23
2602,Earring,2,20,1,2,3,4,5,6,7,8,9,10,11,12,14,15,16,17,18,19,20,21,23
2603,Necklace,2,20,1,2,3,4,5,6,7,8,9,10,11,12,14,15,16,17,18,19,20,21,23
2604,Glove,2,20,1,2,3,4,5,6,7,8,9,10,11,12,14,15,16,17,18,19,20,21,23
2605,Brooch,2,20,1,2,3,4,5,6,7,8,9,10,11,12,14,15,16,17,18,19,20,21,23
2607,Clip,2,0,1,2,3,4,5,6,7,8,9,10,11,12,14,15,16,17,18,19,20,21,23
2608,Rosary,2,0,1,2,3,4,5,6,7,8,9,10,11,12,14,15,16,17,18,19,20,21,23
2609,Skul_Ring,2,0,99
2610,Gold_Ring,2,0,99
2611,Silver_Ring,2,0,99
2612,Flower_Ring,2,0,99
2613,Diamond_Ring,2,0,99
2614,an_Eye_of_Dullahan,2,50,1,2,3,4,5,6,7,8,9,10,11,12,14,15,16,17,18,19,20,21,23
2615,Safety_Ring,2,40,1,2,3,4,5,6,7,8,9,10,11,12,14,15,16,17,18,19,20,21,23
2616,Critical_Ring,2,40,1,2,3,4,5,6,7,8,9,10,11,12,14,15,16,17,18,19,20,21,23
2617,Mitten_of_Presbyter,2,35,1,2,3,4,5,6,7,8,9,10,11,12,14,15,16,17,18,19,20,21,23
2618,Matyr's_Flea_Guard,2,35,1,2,3,4,5,6,7,8,9,10,11,12,14,15,16,17,18,19,20,21,23
2619,Thimble_Of_Archer,2,65,3,11,19,20
2620,Ring_Of_Rogue,2,70,6,12,17
2621,Ring_,2,90,1,2,3,4,5,6,7,8,9,10,11,12,14,15,16,17,18,19,20,21,23
2622,Earring_,2,90,1,2,3,4,5,6,7,8,9,10,11,12,14,15,16,17,18,19,20,21,23
2623,Necklace_,2,90,1,2,3,4,5,6,7,8,9,10,11,12,14,15,16,17,18,19,20,21,23
2624,Glove_,2,90,1,2,3,4,5,6,7,8,9,10,11,12,14,15,16,17,18,19,20,21,23
2625,Brooch_,2,90,1,2,3,4,5,6,7,8,9,10,11,12,14,15,16,17,18,19,20,21,23
2626,Rosary_,2,90,1,2,3,4,5,6,7,8,9,10,11,12,14,15,16,17,18,19,20,21,23
2627,Belt_,2,25,1,2,3,4,5,6,7,8,9,10,11,12,14,15,16,17,18,19,20,21,23
2628,Novice_Armlet,2,0,0,23
2629,megin,2,90,1,2,3,4,5,6,7,8,9,10,11,12,14,15,16,17,18,19,20,21,23
2630,gamen,2,95,1,2,3,4,5,6,7,8,9,10,11,12,14,15,16,17,18,19,20,21,23
5001,Headset,2,0,99
5002,Gemmed_Crown,2,60,1,5,7,10,14,18
5003,Joker_Jester,2,0,99
5004,Oxygen_Mask,2,0,99
5005,Gas_Mask,2,0,99
5006,Machoman_Glasses,2,0,99
5007,Loard_Circlet,2,55,99
5008,Puppy_Love,2,0,99
5009,Safety_Helmet,2,0,99
5010,Indian_Hair_Piece,2,0,99
5011,Antenna,2,0,99
5012,Ph.D_Hat,2,0,99
5013,Horn_Of_Lord_Kaho,2,0,99
5014,Fin_Helm,2,65,1,7,14
5015,Egg_Shell,2,0,99
5016,Boy's_Cap,2,0,99
5017,Bone_Helm,2,70,1,5,7,10,14,18
5018,Feather_Bonnet,2,0,3,11,19,20
5019,Corsair,2,0,99
5020,Kafra_Hairband,2,0,99
5021,Money_Lose_Hat,2,38,99
5023,Bundle,2,0,5,10,18
5024,Cake_Hat,2,0,1,2,3,4,5,6,7,8,9,10,11,12,14,15,16,17,18,19,20,21,23
5025,Angel_Pitch,2,74,7,8,9,10,11,12,14,15,16,17,18,19,20,21,23
5026,Chef_Hat,2,50,1,2,3,4,5,6,7,8,9,10,11,12,14,15,16,17,18,19,20,21,23
5027,Wizard_Hat,2,0,2,9,16
5028,Candlelight,2,0,99
5029,Spore_Hat,2,20,99
5030,Panda_Hat,2,40,99
5031,Miner's_Helmet,2,55,99
5032,Outing_Hat,2,0,99
5033,Smokie_Hat,2,50,99
5034,Bulb_Band,2,0,99
5035,Poring_Hat,2,38,99
5036,Cross_Headbelt,2,10,99
5037,Fruit_Shell,2,5,99
5038,Deviruchi_Hat,2,64,99
5039,Mottled_Eggshell,2,19,99
5040,Ley,2,0,99
5041,Heart_Hairpin,2,0,99
5042,Chunlee_Hat,2,14,99
5043,Opera_Ghost_Mask,2,20,99
5044,Wing_Of_Demon,2,45,99
5045,Magic_Hat,2,50,99
5046,Bongun_Hat,2,0,99
5047,Fashion_Sunglasses,2,0,99
5048,Candle,2,0,99
5049,Striped_Bandana,2,0,99
5050,Mysterious_Fruit_Shell,2,30,99
5051,Cat_Drop,2,0,99
5052,Blue_Bandana,2,0,99
5053,Sphinx_Hat,2,65,1,7,14,21
7170,Tuxedo,1,0,99
