// JobNo,Skill-ID,MaxLV,前提Skill-ID-1,前提Skill-ID-1-Lv,計5個まで繰り返し
// Novice
0,1,9,0,0,0,0,0,0,0,0,0,0//NV_BASIC		#基本スキル#
0,142,1,0,0,0,0,0,0,0,0,0,0//NV_FIRSTAID	#応急手当#
0,143,1,0,0,0,0,0,0,0,0,0,0//NV_TRICKDEAD	#死んだふり#
// Swordman
1,1,9,0,0,0,0,0,0,0,0,0,0//NV_BASIC		#基本スキル#
1,142,1,0,0,0,0,0,0,0,0,0,0//NV_FIRSTAID	#応急手当#
1,2,10,0,0,0,0,0,0,0,0,0,0//SM_SWORD		#剣修練#
1,3,10,2,1,0,0,0,0,0,0,0,0//SM_TWOHAND		#両手剣修練#
1,4,10,0,0,0,0,0,0,0,0,0,0//SM_RECOVERY		#HP回復力向上#
1,5,10,0,0,0,0,0,0,0,0,0,0//SM_BASH		#バッシュ#
1,6,10,0,0,0,0,0,0,0,0,0,0//SM_PROVOKE		#プロボック#
1,7,10,5,5,0,0,0,0,0,0,0,0//SM_MAGNUM		#マグナムブレイク#
1,8,10,6,5,0,0,0,0,0,0,0,0//SM_ENDURE		#インデュア#
1,144,1,0,0,0,0,0,0,0,0,0,0//SM_MOVINGRECOVERY	#移動時HP回復#
1,145,1,0,0,0,0,0,0,0,0,0,0//SM_FATALBLOW	#急所攻撃#
1,146,1,0,0,0,0,0,0,0,0,0,0//SM_AUTOBERSERK	#オートバーサーク#
// Magican
2,1,9,0,0,0,0,0,0,0,0,0,0//NV_BASIC		#基本スキル#
2,142,1,0,0,0,0,0,0,0,0,0,0//NV_FIRSTAID	#応急手当#
2,9,10,0,0,0,0,0,0,0,0,0,0//MG_SRECOVERY	#SP回復力向上#
2,10,1,0,0,0,0,0,0,0,0,0,0//MG_SIGHT		#サイト#
2,11,10,0,0,0,0,0,0,0,0,0,0//MG_NAPALMBEAT	#ナパームビート#
2,12,10,11,7,13,5,0,0,0,0,0,0//MG_SAFETYWALL	#セイフティウォール#
2,13,10,11,4,0,0,0,0,0,0,0,0//MG_SOULSTRIKE	#ソウルストライク#
2,14,10,0,0,0,0,0,0,0,0,0,0//MG_COLDBOLT	#コールドボルト#
2,15,10,14,5,0,0,0,0,0,0,0,0//MG_FROSTDIVER	#フロストダイバー#
2,16,10,0,0,0,0,0,0,0,0,0,0//MG_STONECURSE	#ストーンカース#
2,17,10,19,4,0,0,0,0,0,0,0,0//MG_FIREBALL	#ファイアーボール#
2,18,10,17,5,10,1,0,0,0,0,0,0//MG_FIREWALL	#ファイアーウォール#
2,19,10,0,0,0,0,0,0,0,0,0,0//MG_FIREBOLT	#ファイアーボルト#
2,20,10,0,0,0,0,0,0,0,0,0,0//MG_LIGHTNINGBOLT	#ライトニングボルト#
2,21,10,20,4,0,0,0,0,0,0,0,0//MG_THUNDERSTORM	#サンダーストーム#
2,157,1,0,0,0,0,0,0,0,0,0,0//MG_ENERGYCOAT	#エナジーコート#
// Archer
3,1,9,0,0,0,0,0,0,0,0,0,0//NV_BASIC		#基本スキル#
3,142,1,0,0,0,0,0,0,0,0,0,0//NV_FIRSTAID	#応急手当#
3,43,10,0,0,0,0,0,0,0,0,0,0//AC_OWL		#ふくろうの目#
3,44,10,43,3,0,0,0,0,0,0,0,0//AC_VULTURE	#ワシの目#
3,45,10,44,1,0,0,0,0,0,0,0,0//AC_CONCENTRATION	#集中力向上#
3,46,10,0,0,0,0,0,0,0,0,0,0//AC_DOUBLE		#ダブルストレイフィング#
3,47,10,46,5,0,0,0,0,0,0,0,0//AC_SHOWER		#アローシャワー#
3,147,1,0,0,0,0,0,0,0,0,0,0//AC_MAKINGARROW	#矢作成#
3,148,1,0,0,0,0,0,0,0,0,0,0//AC_CHARGEARROW	#チャージアロー#
// Acolyte
4,1,9,0,0,0,0,0,0,0,0,0,0//NV_BASIC		#基本スキル#
4,142,1,0,0,0,0,0,0,0,0,0,0//NV_FIRSTAID	#応急手当#
4,22,10,0,0,0,0,0,0,0,0,0,0//AL_DP		#ディバインプロテクション#
4,23,10,22,3,0,0,0,0,0,0,0,0//AL_DEMONBANE	#デーモンベイン#
4,24,1,0,0,0,0,0,0,0,0,0,0//AL_RUWACH		#ルアフ#
4,25,1,27,4,0,0,0,0,0,0,0,0//AL_PNEUMA		#ニューマ#
4,26,2,24,1,0,0,0,0,0,0,0,0//AL_TELEPORT	#テレポート#
4,27,4,26,2,0,0,0,0,0,0,0,0//AL_WARP		#ワープポータル#
4,28,10,0,0,0,0,0,0,0,0,0,0//AL_HEAL		#ヒール#
4,29,10,28,3,0,0,0,0,0,0,0,0//AL_INCAGI		#速度増加#
4,30,10,29,1,0,0,0,0,0,0,0,0//AL_DECAGI		#速度減少#
4,31,1,0,0,0,0,0,0,0,0,0,0//AL_HOLYWATER	#アクアベネディクタ#
4,32,10,23,3,0,0,0,0,0,0,0,0//AL_CRUCIS		#シグナムクルシス#
4,33,10,22,3,0,0,0,0,0,0,0,0//AL_ANGELUS	#エンジェラス#
4,34,10,22,5,0,0,0,0,0,0,0,0//AL_BLESSING	#ブレッシング#
4,35,1,0,0,0,0,0,0,0,0,0,0//AL_CURE		#キュアー#
4,156,1,0,0,0,0,0,0,0,0,0,0//AL_HOLYLIGHT	#ホーリーライト#
// Merchant
5,1,9,0,0,0,0,0,0,0,0,0,0//NV_BASIC		#基本スキル#
5,142,1,0,0,0,0,0,0,0,0,0,0//NV_FIRSTAID	#応急手当#
5,36,10,0,0,0,0,0,0,0,0,0,0//MC_INCCARRY	#所持限界量増加#
5,37,10,36,3,0,0,0,0,0,0,0,0//MC_DISCOUNT	#ディスカウント#
5,38,10,37,3,0,0,0,0,0,0,0,0//MC_OVERCHARGE	#オーバーチャージ#
5,39,10,36,5,0,0,0,0,0,0,0,0//MC_PUSHCART	#プッシュカート#
5,40,1,0,0,0,0,0,0,0,0,0,0//MC_IDENTIFY		#アイテム鑑定#
5,41,10,39,3,0,0,0,0,0,0,0,0//MC_VENDING	#露店開設#
5,42,10,0,0,0,0,0,0,0,0,0,0//MC_MAMMONITE	#メマーナイト#
5,153,1,0,0,0,0,0,0,0,0,0,0//MC_CARTREVOLUTION	#カートレボリューション#
5,154,1,0,0,0,0,0,0,0,0,0,0//MC_CHANGECART	#チェンジカート#
5,155,1,0,0,0,0,0,0,0,0,0,0//MC_LOUD		#ラウドボイス#
// Thief
6,1,9,0,0,0,0,0,0,0,0,0,0//NV_BASIC		#基本スキル#
6,142,1,0,0,0,0,0,0,0,0,0,0//NV_FIRSTAID	#応急手当#
6,48,10,0,0,0,0,0,0,0,0,0,0//TF_DOUBLE		#ダブルアタック#
6,49,10,0,0,0,0,0,0,0,0,0,0//TF_MISS		#回避率増加#
6,50,10,0,0,0,0,0,0,0,0,0,0//TF_STEAL		#スティール#
6,51,10,50,5,0,0,0,0,0,0,0,0//TF_HIDING		#ハイディング#
6,52,10,0,0,0,0,0,0,0,0,0,0//TF_POISON		#インベナム#
6,53,1,52,3,0,0,0,0,0,0,0,0//TF_DETOXIFY	#解毒#
6,149,1,0,0,0,0,0,0,0,0,0,0//TF_SPRINKLESAND	#砂まき#
6,150,1,0,0,0,0,0,0,0,0,0,0//TF_BACKSLIDING	#バックステップ#
6,151,1,0,0,0,0,0,0,0,0,0,0//TF_PICKSTONE	#石拾い#
6,152,1,0,0,0,0,0,0,0,0,0,0//TF_THROWSTONE	#石投げ#
// Knight
7,1,9,0,0,0,0,0,0,0,0,0,0//NV_BASIC		#基本スキル#
7,142,1,0,0,0,0,0,0,0,0,0,0//NV_FIRSTAID	#応急手当#
7,2,10,0,0,0,0,0,0,0,0,0,0//SM_SWORD		#剣修練#
7,3,10,2,1,0,0,0,0,0,0,0,0//SM_TWOHAND		#両手剣修練#
7,4,10,0,0,0,0,0,0,0,0,0,0//SM_RECOVERY		#HP回復力向上#
7,5,10,0,0,0,0,0,0,0,0,0,0//SM_BASH		#バッシュ#
7,6,10,0,0,0,0,0,0,0,0,0,0//SM_PROVOKE		#プロボック#
7,7,10,5,5,0,0,0,0,0,0,0,0//SM_MAGNUM		#マグナムブレイク#
7,8,10,6,5,0,0,0,0,0,0,0,0//SM_ENDURE		#インデュア#
7,144,1,0,0,0,0,0,0,0,0,0,0//SM_MOVINGRECOVERY	#移動時HP回復#
7,145,1,0,0,0,0,0,0,0,0,0,0//SM_FATALBLOW	#急所攻撃#
7,146,1,0,0,0,0,0,0,0,0,0,0//SM_AUTOBERSERK	#オートバーサーク#
7,55,10,0,0,0,0,0,0,0,0,0,0//KN_SPEARMASTERY	#槍修練#
7,56,10,55,1,0,0,0,0,0,0,0,0//KN_PIERCE		#ピアース#
7,57,10,63,1,58,3,0,0,0,0,0,0//KN_BRANDISHSPEAR	#ブランディッシュスピア#
7,58,10,56,5,0,0,0,0,0,0,0,0//KN_SPEARSTAB	#スピアスタブ#
7,59,5,56,3,0,0,0,0,0,0,0,0//KN_SPEARBOOMERANG	#スピアブーメラン#
7,60,10,3,1,0,0,0,0,0,0,0,0//KN_TWOHANDQUICKEN	#ツーハンドクイッケン#
7,61,5,3,1,0,0,0,0,0,0,0,0//KN_AUTOCOUNTER	#オートカウンター#
7,62,10,5,10,7,3,3,5,60,10,61,5//KN_BOWLINGBASH	#ボウリングバッシュ#
7,63,1,8,1,0,0,0,0,0,0,0,0//KN_RIDING		#ライディング#
7,64,10,63,1,0,0,0,0,0,0,0,0//KN_CAVALIERMASTERY#騎兵修練#
// Priest
8,1,9,0,0,0,0,0,0,0,0,0,0//NV_BASIC		#基本スキル#
8,142,1,0,0,0,0,0,0,0,0,0,0//NV_FIRSTAID	#応急手当#
8,22,10,0,0,0,0,0,0,0,0,0,0//AL_DP		#ディバインプロテクション#
8,23,10,22,3,0,0,0,0,0,0,0,0//AL_DEMONBANE	#デーモンベイン#
8,24,1,0,0,0,0,0,0,0,0,0,0//AL_RUWACH		#ルアフ#
8,25,1,27,4,0,0,0,0,0,0,0,0//AL_PNEUMA		#ニューマ#
8,26,2,24,1,0,0,0,0,0,0,0,0//AL_TELEPORT	#テレポート#
8,27,4,26,2,0,0,0,0,0,0,0,0//AL_WARP		#ワープポータル#
8,28,10,0,0,0,0,0,0,0,0,0,0//AL_HEAL		#ヒール#
8,29,10,28,3,0,0,0,0,0,0,0,0//AL_INCAGI		#速度増加#
8,30,10,29,1,0,0,0,0,0,0,0,0//AL_DECAGI		#速度減少#
8,31,1,0,0,0,0,0,0,0,0,0,0//AL_HOLYWATER	#アクアベネディクタ#
8,32,10,23,3,0,0,0,0,0,0,0,0//AL_CRUCIS		#シグナムクルシス#
8,33,10,22,3,0,0,0,0,0,0,0,0//AL_ANGELUS	#エンジェラス#
8,34,10,22,5,0,0,0,0,0,0,0,0//AL_BLESSING	#ブレッシング#
8,35,1,0,0,0,0,0,0,0,0,0,0//AL_CURE		#キュアー#
8,156,1,0,0,0,0,0,0,0,0,0,0//AL_HOLYLIGHT	#ホーリーライト#
8,9,10,0,0,0,0,0,0,0,0,0,0//MG_SRECOVERY	#SP回復力向上#
8,12,10,68,4,0,0,0,0,0,0,0,0//MG_SAFETYWALL	#セイフティウォール#
8,54,4,72,1,9,4,0,0,0,0,0,0//ALL_RESURRECTION	#リザレクション#
8,65,10,0,0,0,0,0,0,0,0,0,0//PR_MACEMASTERY	#メイス修練#
8,66,5,0,0,0,0,0,0,0,0,0,0//PR_IMPOSITIO	#イムポシティオマヌス#
8,67,3,66,2,0,0,0,0,0,0,0,0//PR_SUFFRAGIUM	#サフラギウム#
8,68,5,31,1,66,3,0,0,0,0,0,0//PR_ASPERSIO	#アスペルシオ#
8,69,5,75,3,68,5,0,0,0,0,0,0//PR_BENEDICTIO	#聖体降福#
8,70,10,28,1,0,0,0,0,0,0,0,0//PR_SANCTUARY	#サンクチュアリ#
8,71,4,72,1,0,0,0,0,0,0,0,0//PR_SLOWPOISON	#スローポイズン#
8,72,1,0,0,0,0,0,0,0,0,0,0//PR_STRECOVERY	#リカバリー#
8,73,10,33,2,0,0,0,0,0,0,0,0//PR_KYRIE		#キリエエレイソン#
8,74,5,0,0,0,0,0,0,0,0,0,0//PR_MAGNIFICAT	#マグニフィカート#
8,75,5,73,4,74,3,0,0,0,0,0,0//PR_GLORIA		#グロリア#
8,76,10,24,1,0,0,0,0,0,0,0,0//PR_LEXDIVINA	#レックスディビーナ#
8,77,10,54,1,76,3,0,0,0,0,0,0//PR_TURNUNDEAD	#ターンアンデッド#
8,78,1,76,5,0,0,0,0,0,0,0,0//PR_LEXAETERNA	#レックスエーテルナ#
8,79,10,12,1,78,1,77,3,0,0,0,0//PR_MAGNUS	#マグヌスエクソシズム#
// Wizard
9,1,9,0,0,0,0,0,0,0,0,0,0//NV_BASIC		#基本スキル#
9,142,1,0,0,0,0,0,0,0,0,0,0//NV_FIRSTAID	#応急手当#
9,9,10,0,0,0,0,0,0,0,0,0,0//MG_SRECOVERY	#SP回復力向上#
9,10,1,0,0,0,0,0,0,0,0,0,0//MG_SIGHT		#サイト#
9,11,10,0,0,0,0,0,0,0,0,0,0//MG_NAPALMBEAT	#ナパームビート#
9,12,10,11,7,13,5,0,0,0,0,0,0//MG_SAFETYWALL	#セイフティウォール#
9,13,10,11,4,0,0,0,0,0,0,0,0//MG_SOULSTRIKE	#ソウルストライク#
9,14,10,0,0,0,0,0,0,0,0,0,0//MG_COLDBOLT	#コールドボルト#
9,15,10,14,5,0,0,0,0,0,0,0,0//MG_FROSTDIVER	#フロストダイバー#
9,16,10,0,0,0,0,0,0,0,0,0,0//MG_STONECURSE	#ストーンカース#
9,17,10,19,4,0,0,0,0,0,0,0,0//MG_FIREBALL	#ファイアーボール#
9,18,10,17,5,10,1,0,0,0,0,0,0//MG_FIREWALL	#ファイアーウォール#
9,19,10,0,0,0,0,0,0,0,0,0,0//MG_FIREBOLT	#ファイアーボルト#
9,20,10,0,0,0,0,0,0,0,0,0,0//MG_LIGHTNINGBOLT	#ライトニングボルト#
9,21,10,20,4,0,0,0,0,0,0,0,0//MG_THUNDERSTORM	#サンダーストーム#
9,157,1,0,0,0,0,0,0,0,0,0,0//MG_ENERGYCOAT	#エナジーコート#
9,80,10,18,1,0,0,0,0,0,0,0,0//WZ_FIREPILLAR	#ファイアーピラー#
9,81,10,20,1,10,1,0,0,0,0,0,0//WZ_SIGHTRASHER	#サイトラッシャー#
//9,82,10,0,0,0,0,0,0,0,0,0,0//WZ_FIREIVY	#ファイアアイビー#
9,83,10,81,2,0,0,0,0,0,0,0,0//WZ_METEOR		#メテオストーム#
9,84,10,11,1,20,1,0,0,0,0,0,0//WZ_JUPITEL	#ユピテルサンダー#
9,85,10,11,1,21,1,84,5,0,0,0,0//WZ_VERMILION	#ロードオブヴァーミリオン#
9,86,5,14,1,20,1,0,0,0,0,0,0//WZ_WATERBALL	#ウォーターボール#
9,87,10,16,1,15,1,0,0,0,0,0,0//WZ_ICEWALL	#アイスウォール#
9,88,10,87,1,0,0,0,0,0,0,0,0//WZ_FROSTNOVA	#フロストノヴァ#
9,89,10,15,1,84,3,0,0,0,0,0,0//WZ_STORMGUST	#ストームガスト#
9,90,5,16,1,0,0,0,0,0,0,0,0//WZ_EARTHSPIKE	#アーススパイク#
9,91,5,90,3,0,0,0,0,0,0,0,0//WZ_HEAVENDRIVE	#ヘヴンズドライブ#
9,92,5,14,1,91,1,0,0,0,0,0,0//WZ_QUAGMIRE	#クァグマイア#
9,93,1,0,0,0,0,0,0,0,0,0,0//WZ_ESTIMATION	#モンスター情報#
// Blacksmith
10,1,9,0,0,0,0,0,0,0,0,0,0//NV_BASIC		#基本スキル#
10,142,1,0,0,0,0,0,0,0,0,0,0//NV_FIRSTAID	#応急手当#
10,36,10,0,0,0,0,0,0,0,0,0,0//MC_INCCARRY	#所持限界量増加#
10,37,10,36,3,0,0,0,0,0,0,0,0//MC_DISCOUNT	#ディスカウント#
10,38,10,37,3,0,0,0,0,0,0,0,0//MC_OVERCHARGE	#オーバーチャージ#
10,39,10,36,5,0,0,0,0,0,0,0,0//MC_PUSHCART	#プッシュカート#
10,40,1,0,0,0,0,0,0,0,0,0,0//MC_IDENTIFY	#アイテム鑑定#
10,41,10,39,3,0,0,0,0,0,0,0,0//MC_VENDING	#露店開設#
10,42,10,0,0,0,0,0,0,0,0,0,0//MC_MAMMONITE	#メマーナイト#
10,153,1,0,0,0,0,0,0,0,0,0,0//MC_CARTREVOLUTION	#カートレボリューション#
10,154,1,0,0,0,0,0,0,0,0,0,0//MC_CHANGECART	#チェンジカート#
10,155,1,0,0,0,0,0,0,0,0,0,0//MC_LOUD		#ラウドボイス#
10,94,5,0,0,0,0,0,0,0,0,0,0//BS_IRON		#鉄製造#
10,95,5,94,1,0,0,0,0,0,0,0,0//BS_STEEL		#鋼鉄製造#
10,96,5,94,1,0,0,0,0,0,0,0,0//BS_ENCHANTEDSTONE	#属性石製造#
10,97,10,96,1,0,0,0,0,0,0,0,0//BS_ORIDEOCON	#オリデオコン研究#
10,98,3,0,0,0,0,0,0,0,0,0,0//BS_DAGGER		#短剣製作#
10,99,3,98,1,0,0,0,0,0,0,0,0//BS_SWORD		#剣製作#
10,100,3,99,1,0,0,0,0,0,0,0,0//BS_TWOHANDSWORD	#両手剣製作#
10,101,3,99,2,0,0,0,0,0,0,0,0//BS_AXE		#斧製作#
10,102,3,103,1,0,0,0,0,0,0,0,0//BS_MACE		#メイス製作#
10,103,3,98,1,0,0,0,0,0,0,0,0//BS_KNUCKLE	#ナックル製作#
10,104,3,98,2,0,0,0,0,0,0,0,0//BS_SPEAR		#槍製作#
10,105,1,0,0,0,0,0,0,0,0,0,0//BS_HILTBINDING	#ヒルトバイディング#
10,106,1,95,1,105,1,0,0,0,0,0,0//BS_FINDINGORE	#鉱石発見#
10,107,10,105,1,0,0,0,0,0,0,0,0//BS_WEAPONRESEARCH#武器研究#
10,108,1,107,1,0,0,0,0,0,0,0,0//BS_REPAIRWEAPON	#武器修理#
10,109,5,0,0,0,0,0,0,0,0,0,0//BS_SKINTEMPER	#スキンテンパリング#
10,110,5,0,0,0,0,0,0,0,0,0,0//BS_HAMMERFALL	#ハンマーフォール#
10,111,5,110,2,0,0,0,0,0,0,0,0//BS_ADRENALINE	#アドレナリンラッシュ#
10,112,5,107,2,111,2,0,0,0,0,0,0//BS_WEAPONPERFECT#ウエポンパーフェクション#
10,113,5,111,3,0,0,0,0,0,0,0,0//BS_OVERTHRUST	#オーバートラスト#
10,114,5,112,3,113,2,0,0,0,0,0,0//BS_MAXIMIZE	#マキシマイズパワー#
// Hunter
11,1,9,0,0,0,0,0,0,0,0,0,0//NV_BASIC		#基本スキル#
11,142,1,0,0,0,0,0,0,0,0,0,0//NV_FIRSTAID	#応急手当#
11,43,10,0,0,0,0,0,0,0,0,0,0//AC_OWL		#ふくろうの目#
11,44,10,43,3,0,0,0,0,0,0,0,0//AC_VULTURE	#ワシの目#
11,45,10,44,1,0,0,0,0,0,0,0,0//AC_CONCENTRATION	#集中力向上#
11,46,10,0,0,0,0,0,0,0,0,0,0//AC_DOUBLE		#ダブルストレイフィング#
11,47,10,46,5,0,0,0,0,0,0,0,0//AC_SHOWER	#アローシャワー#
11,147,1,0,0,0,0,0,0,0,0,0,0//AC_MAKINGARROW	#矢作成#
11,148,1,0,0,0,0,0,0,0,0,0,0//AC_CHARGEARROW	#チャージアロー#
11,115,5,0,0,0,0,0,0,0,0,0,0//HT_SKIDTRAP	#スキッドトラップ#
11,116,5,0,0,0,0,0,0,0,0,0,0//HT_LANDMINE	#ランドマイン#
11,117,5,115,1,0,0,0,0,0,0,0,0//HT_ANKLESNARE	#アンクルスネア#
11,118,5,117,1,0,0,0,0,0,0,0,0//HT_SHOCKWAVE	#ショックウェーブトラップ#
11,119,5,120,1,0,0,0,0,0,0,0,0//HT_SANDMAN	#サンドマン#
11,120,5,115,1,0,0,0,0,0,0,0,0//HT_FLASHER	#フラッシャー#
11,121,5,120,1,0,0,0,0,0,0,0,0//HT_FREEZINGTRAP	#フリージングトラップ#
11,122,5,116,1,119,1,121,1,0,0,0,0//HT_BLASTMINE#ブラストマイン#
11,123,5,118,1,122,1,0,0,0,0,0,0//HT_CLAYMORETRAP#クレイモアートラップ#
11,124,1,116,1,0,0,0,0,0,0,0,0//HT_REMOVETRAP	#リムーブトラップ#
11,125,1,118,1,124,1,0,0,0,0,0,0//HT_TALKIEBOX	#トーキーボックス#
11,126,10,0,0,0,0,0,0,0,0,0,0//HT_BEASTBANE	#ビーストベイン#
11,127,1,126,1,0,0,0,0,0,0,0,0//HT_FALCON	#ファルコンマスタリー#
11,128,10,129,5,0,0,0,0,0,0,0,0//HT_STEELCROW	#スチールクロウ#
11,129,5,127,1,0,0,0,0,0,0,0,0//HT_BLITZBEAT	#ブリッツビート#
11,130,4,45,1,124,1,0,0,0,0,0,0//HT_DETECTING	#ディテクティング#
11,131,5,124,1,127,1,0,0,0,0,0,0//HT_SPRINGTRAP	#スプリングトラップ#
// Assassin
12,1,9,0,0,0,0,0,0,0,0,0,0//NV_BASIC		#基本スキル#
12,142,1,0,0,0,0,0,0,0,0,0,0//NV_FIRSTAID	#応急手当#
12,48,10,0,0,0,0,0,0,0,0,0,0//TF_DOUBLE		#ダブルアタック#
12,49,10,0,0,0,0,0,0,0,0,0,0//TF_MISS		#回避率増加#
12,50,10,0,0,0,0,0,0,0,0,0,0//TF_STEAL		#スティール#
12,51,10,50,5,0,0,0,0,0,0,0,0//TF_HIDING	#ハイディング#
12,52,10,0,0,0,0,0,0,0,0,0,0//TF_POISON		#インベナム#
12,53,1,52,3,0,0,0,0,0,0,0,0//TF_DETOXIFY	#解毒#
12,149,1,0,0,0,0,0,0,0,0,0,0//TF_SPRINKLESAND	#砂まき#
12,150,1,0,0,0,0,0,0,0,0,0,0//TF_BACKSLIDING	#バックステップ#
12,151,1,0,0,0,0,0,0,0,0,0,0//TF_PICKSTONE	#石拾い#
12,152,1,0,0,0,0,0,0,0,0,0,0//TF_THROWSTONE	#石投げ#
12,132,5,0,0,0,0,0,0,0,0,0,0//AS_RIGHT		#右手修練#
12,133,5,132,2,0,0,0,0,0,0,0,0//AS_LEFT		#左手修練#
12,134,10,0,0,0,0,0,0,0,0,0,0//AS_KATAR		#カタール修練#
12,135,5,51,2,0,0,0,0,0,0,0,0//AS_CLOAKING	#クローキング#
12,136,10,134,4,0,0,0,0,0,0,0,0//AS_SONICBLOW	#ソニックブロー#
12,137,5,135,2,136,5,0,0,0,0,0,0//AS_GRIMTOOTH	#グリムトゥース#
12,138,10,52,1,0,0,0,0,0,0,0,0//AS_ENCHANTPOISON#エンチャントポイズン#
12,139,10,138,3,0,0,0,0,0,0,0,0//AS_POISONREACT	#ポイズンリアクト#
12,140,10,138,5,0,0,0,0,0,0,0,0//AS_VENOMDUST	#ベナムダスト#
12,141,10,139,5,140,5,0,0,0,0,0,0//AS_SPLASHER	#ベナムスプラッシャー#
// Crusader
14,1,9,0,0,0,0,0,0,0,0,0,0//NV_BASIC		#基本スキル#
14,142,1,0,0,0,0,0,0,0,0,0,0//NV_FIRSTAID	#応急手当#
14,2,10,0,0,0,0,0,0,0,0,0,0//SM_SWORD		#剣修練#
14,3,10,2,1,0,0,0,0,0,0,0,0//SM_TWOHAND		#両手剣修練#
14,4,10,0,0,0,0,0,0,0,0,0,0//SM_RECOVERY	#HP回復力向上#
14,5,10,0,0,0,0,0,0,0,0,0,0//SM_BASH		#バッシュ#
14,6,10,0,0,0,0,0,0,0,0,0,0//SM_PROVOKE		#プロボック#
14,7,10,5,5,0,0,0,0,0,0,0,0//SM_MAGNUM		#マグナムブレイク#
14,8,10,6,5,0,0,0,0,0,0,0,0//SM_ENDURE		#インデュア#
14,144,1,0,0,0,0,0,0,0,0,0,0//SM_MOVINGRECOVERY	#移動時HP回復#
14,145,1,0,0,0,0,0,0,0,0,0,0//SM_FATALBLOW	#急所攻撃#
14,146,1,0,0,0,0,0,0,0,0,0,0//SM_AUTOBERSERK	#オートバーサーク#
14,63,1,8,1,0,0,0,0,0,0,0,0//KN_RIDING		#ライディング#
14,64,10,63,1,0,0,0,0,0,0,0,0//KN_CAVALIERMASTERY#騎兵修練#
14,55,10,0,0,0,0,0,0,0,0,0,0//KN_SPEARMASTERY	#槍修練#
14,35,1,248,5,0,0,0,0,0,0,0,0//AL_CURE		#キュアー#
14,22,10,35,1,0,0,0,0,0,0,0,0//AL_DP		#ディバインプロテクション#
14,23,10,22,3,0,0,0,0,0,0,0,0//AL_DEMONBANE	#デーモンベイン#
14,28,10,23,5,0,0,0,0,0,0,0,0//AL_HEAL		#ヒール#
14,248,10,0,0,0,0,0,0,0,0,0,0//CR_TRUST			#フェイス#
14,249,10,0,0,0,0,0,0,0,0,0,0//CR_AUTOGUARD		#オートガード#
14,250,5,249,5,0,0,0,0,0,0,0,0//CR_SHIELDCHARGE		#シールドチャージ#
14,251,5,250,3,0,0,0,0,0,0,0,0//CR_SHIELDBOOMERANG	#シールドブーメラン#
14,252,10,251,3,0,0,0,0,0,0,0,0//CR_REFLECTSHIELD	#リフレクトシールド#
14,253,10,248,7,0,0,0,0,0,0,0,0//CR_HOLYCROSS		#ホーリークロス#
14,254,10,253,6,248,10,0,0,0,0,0,0//CR_GRANDCROSS	#グランドクロス#
14,255,5,252,5,254,4,0,0,0,0,0,0//CR_DEVOTION		#ディボーション#
14,256,5,22,5,28,5,0,0,0,0,0,0//CR_PROVIDENCE		#プロヴィデンス#
14,257,5,251,1,0,0,0,0,0,0,0,0//CR_DEFENDER		#ディフェンダー#
14,258,10,55,10,0,0,0,0,0,0,0,0//CR_SPEARQUICKEN	#スピアクイッケン#
// Monk
15,1,9,0,0,0,0,0,0,0,0,0,0//NV_BASIC		#基本スキル#
15,142,1,0,0,0,0,0,0,0,0,0,0//NV_FIRSTAID	#応急手当#
15,22,10,0,0,0,0,0,0,0,0,0,0//AL_DP		#ディバインプロテクション#
15,23,10,22,3,0,0,0,0,0,0,0,0//AL_DEMONBANE	#デーモンベイン#
15,24,1,0,0,0,0,0,0,0,0,0,0//AL_RUWACH		#ルアフ#
15,25,1,27,4,0,0,0,0,0,0,0,0//AL_PNEUMA		#ニューマ#
15,26,2,24,1,0,0,0,0,0,0,0,0//AL_TELEPORT	#テレポート#
15,27,4,26,2,0,0,0,0,0,0,0,0//AL_WARP		#ワープポータル#
15,28,10,0,0,0,0,0,0,0,0,0,0//AL_HEAL		#ヒール#
15,29,10,28,3,0,0,0,0,0,0,0,0//AL_INCAGI	#速度増加#
15,30,10,29,1,0,0,0,0,0,0,0,0//AL_DECAGI	#速度減少#
15,31,1,0,0,0,0,0,0,0,0,0,0//AL_HOLYWATER	#アクアベネディクタ#
15,32,10,23,3,0,0,0,0,0,0,0,0//AL_CRUCIS	#シグナムクルシス#
15,33,10,22,3,0,0,0,0,0,0,0,0//AL_ANGELUS	#エンジェラス#
15,34,10,22,5,0,0,0,0,0,0,0,0//AL_BLESSING	#ブレッシング#
15,35,1,0,0,0,0,0,0,0,0,0,0//AL_CURE		#キュアー#
15,156,1,0,0,0,0,0,0,0,0,0,0//AL_HOLYLIGHT	#ホーリーライト#
15,259,10,23,10,22,10,0,0,0,0,0,0//MO_IRONHAND		#鉄拳#
15,260,5,269,2,0,0,0,0,0,0,0,0//MO_SPIRITSRECOVERY	#息吹#
15,261,5,259,2,0,0,0,0,0,0,0,0//MO_CALLSPIRITS		#気功#
15,262,1,261,5,0,0,0,0,0,0,0,0//MO_ABSORBSPIRITS	#気奪#
15,263,10,265,5,0,0,0,0,0,0,0,0//MO_TRIPLEATTACK	#三段掌#
15,264,1,271,3,260,2,0,0,0,0,0,0//MO_BODYRELOCATION	#残影#
15,265,10,259,5,261,5,0,0,0,0,0,0//MO_DODGE		#見切り#
15,266,5,261,5,0,0,0,0,0,0,0,0//MO_FINGEROFFENSIVE	#指弾#
15,267,5,266,3,0,0,0,0,0,0,0,0/MO_INVESTIGATE		#発勁#
15,268,5,273,3,0,0,0,0,0,0,0,0//MO_STEELBODY		#金剛#
15,269,5,265,5,0,0,0,0,0,0,0,0//MO_BLADESTOP		#白刃取り#
15,270,5,262,1,0,0,0,0,0,0,0,0//MO_EXPLOSIONSPIRITS	#爆裂波動#
15,271,5,261,5,267,3,0,0,0,0,0,0//MO_EXTREMITYFIST	#阿修羅覇鳳拳#
15,272,5,263,5,0,0,0,0,0,0,0,0//MO_CHAINCOMBO		#連打掌#
15,273,5,272,3,0,0,0,0,0,0,0,0//MO_COMBOFINISH		#猛龍拳#
// Sage
16,1,9,0,0,0,0,0,0,0,0,0,0//NV_BASIC		#基本スキル#
16,9,10,0,0,0,0,0,0,0,0,0,0//MG_SRECOVERY	#SP回復力向上#
16,10,1,0,0,0,0,0,0,0,0,0,0//MG_SIGHT		#サイト#
16,11,10,0,0,0,0,0,0,0,0,0,0//MG_NAPALMBEAT	#ナパームビート#
16,12,10,11,7,13,5,0,0,0,0,0,0//MG_SAFETYWALL	#セイフティウォール#
16,13,10,11,4,0,0,0,0,0,0,0,0//MG_SOULSTRIKE	#ソウルストライク#
16,14,10,0,0,0,0,0,0,0,0,0,0//MG_COLDBOLT	#コールドボルト#
16,15,10,14,5,0,0,0,0,0,0,0,0//MG_FROSTDIVER	#フロストダイバー#
16,16,10,0,0,0,0,0,0,0,0,0,0//MG_STONECURSE	#ストーンカース#
16,17,10,19,4,0,0,0,0,0,0,0,0//MG_FIREBALL	#ファイアーボール#
16,18,10,17,5,10,1,0,0,0,0,0,0//MG_FIREWALL	#ファイアーウォール#
16,19,10,0,0,0,0,0,0,0,0,0,0//MG_FIREBOLT	#ファイアーボルト#
16,20,10,0,0,0,0,0,0,0,0,0,0//MG_LIGHTNINGBOLT	#ライトニングボルト#
16,21,10,20,4,0,0,0,0,0,0,0,0//MG_THUNDERSTORM	#サンダーストーム#
16,157,1,0,0,0,0,0,0,0,0,0,0//MG_ENERGYCOAT	#エナジーコート#
16,93,1,0,0,0,0,0,0,0,0,0,0//WZ_ESTIMATION	#モンスター情報#
16,90,5,283,2,0,0,0,0,0,0,0,0//WZ_EARTHSPIKE	#アーススパイク#
16,91,5,90,1,0,0,0,0,0,0,0,0//WZ_HEAVENDRIVE	#ヘヴンズドライブ#
16,274,10,0,0,0,0,0,0,0,0,0,0//SA_ADVANCEDBOOK		#アドバンスドブック#
16,275,5,274,2,0,0,0,0,0,0,0,0//SA_CASTCANCEL		#キャストキャンセル#
16,276,5,274,4,0,0,0,0,0,0,0,0//SA_MAGICROD		#マジックロッド#
16,277,5,276,1,0,0,0,0,0,0,0,0//SA_SPELLBREAKER		#スペルブレーカー#
16,278,10,275,1,0,0,0,0,0,0,0,0/SA_FREECAST		#フリーキャスト#
16,279,10,278,4,0,0,0,0,0,0,0,0/SA_AUTOSPELL		#オートスペル#
16,280,5,19,1,274,5,0,0,0,0,0,0//SA_FLAMELAUNCHER	#フレイムランチャー#
16,281,5,14,1,274,5,0,0,0,0,0,0//SA_FROSTWEAPON		#フロストウェポン#
16,282,5,20,1,274,5,0,0,0,0,0,0//SA_LIGHTNINGLOADER	#ライトニングローダー#
16,283,5,16,1,274,5,0,0,0,0,0,0//SA_SEISMICWEAPON	#サイズミックウェポン#
16,284,5,274,9,0,0,0,0,0,0,0,0//SA_DRAGONOLOGY		#ドラゴノロジー#
16,285,5,280,2,0,0,0,0,0,0,0,0//SA_VOLCANO		#ボルケーノ#
16,286,5,281,2,0,0,0,0,0,0,0,0//SA_DELUGE		#デリュージ#
16,287,5,282,2,0,0,0,0,0,0,0,0//SA_VIOLENTGALE		#バイオレントゲイル#
16,288,5,285,3,286,3,287,3,0,0,0,0//SA_LANDPROTECTOR	#ランドプロテクター#
16,289,5,277,3,0,0,0,0,0,0,0,0//SA_DISPELL		#ディスペル#
16,290,10,279,5,289,1,288,1,0,0,0,0//SA_ABRACADABRA	#アブラカタブラ#
// Rogue
17,1,9,0,0,0,0,0,0,0,0,0,0//NV_BASIC		#基本スキル#
17,142,1,0,0,0,0,0,0,0,0,0,0//NV_FIRSTAID	#応急手当#
17,48,10,0,0,0,0,0,0,0,0,0,0//TF_DOUBLE		#ダブルアタック#
17,49,10,0,0,0,0,0,0,0,0,0,0//TF_MISS		#回避率増加#
17,50,10,0,0,0,0,0,0,0,0,0,0//TF_STEAL		#スティール#
17,51,10,50,5,0,0,0,0,0,0,0,0//TF_HIDING	#ハイディング#
17,52,10,0,0,0,0,0,0,0,0,0,0//TF_POISON		#インベナム#
17,53,1,52,3,0,0,0,0,0,0,0,0//TF_DETOXIFY	#解毒#
17,149,1,0,0,0,0,0,0,0,0,0,0//TF_SPRINKLESAND	#砂まき#
17,150,1,0,0,0,0,0,0,0,0,0,0//TF_BACKSLIDING	#バックステップ#
17,151,1,0,0,0,0,0,0,0,0,0,0//TF_PICKSTONE	#石拾い#
17,152,1,0,0,0,0,0,0,0,0,0,0//TF_THROWSTONE	#石投げ#
17,2,10,0,0,0,0,0,0,0,0,0,0//SM_SWORD		#剣修練#
17,44,10,0,0,0,0,0,0,0,0,0,0//AC_VULTURE	#ワシの目#
17,46,10,44,10,0,0,0,0,0,0,0,0//AC_DOUBLE	#ダブルストレイフィング#
17,124,1,46,5,0,0,0,0,0,0,0,0//HT_REMOVETRAP	#リムーブトラップ#
17,210,10,50,1,0,0,0,0,0,0,0,0//RG_SNATCHER	#スナッチャー#
17,211,10,210,4,0,0,0,0,0,0,0,0//RG_STEALCOIN	#スティールコイン#
17,212,10,211,4,0,0,0,0,0,0,0,0//RG_BACKSTAP	#バックスタブ#
17,213,10,51,1,0,0,0,0,0,0,0,0//RG_TUNNELDRIVE	#トンネルドライブ#
17,214,5,212,2,213,2,0,0,0,0,0,0//RG_RAID	#サプライズアタック#
17,215,5,217,5,0,0,0,0,0,0,0,0//RG_STRIPWEAPON	#ストリップウエポン#
17,216,5,218,5,0,0,0,0,0,0,0,0//RG_STRIPSHIELD	#ストリップシールド#
17,217,5,216,5,0,0,0,0,0,0,0,0//RG_STRIPARMOR	#ストリップアーマー#
17,218,5,211,1,0,0,0,0,0,0,0,0//RG_STRIPHELM	#ストリップヘルム#
17,219,10,212,4,214,5,0,0,0,0,0,0//RG_INTIMIDATE#インティミデイト#
17,220,1,221,5,0,0,0,0,0,0,0,0//RG_GRAFFITI	#グラフィティ#
17,221,5,222,1,0,0,0,0,0,0,0,0//RG_FLAGGRAFFITI	#フラッググラフィティ#
17,222,1,223,1,0,0,0,0,0,0,0,0//RG_CLEANER	#クリーナー#
17,223,5,216,3,0,0,0,0,0,0,0,0//RG_GANGSTER	#ギャングスターパラダイス#
17,224,5,223,1,0,0,0,0,0,0,0,0//RG_COMPULSION	#コムパルションディスカウント#
17,225,10,219,5,0,0,0,0,0,0,0,0//RG_PLAGIARISM	#クローンスキル#
// Alchemist
18,1,9,0,0,0,0,0,0,0,0,0,0//NV_BASIC		#基本スキル#
18,142,1,0,0,0,0,0,0,0,0,0,0//NV_FIRSTAID	#応急手当#
18,36,10,0,0,0,0,0,0,0,0,0,0//MC_INCCARRY	#所持限界量増加#
18,37,10,36,3,0,0,0,0,0,0,0,0//MC_DISCOUNT	#ディスカウント#
18,38,10,37,3,0,0,0,0,0,0,0,0//MC_OVERCHARGE	#オーバーチャージ#
18,39,10,36,5,0,0,0,0,0,0,0,0//MC_PUSHCART	#プッシュカート#
18,40,1,0,0,0,0,0,0,0,0,0,0//MC_IDENTIFY	#アイテム鑑定#
18,41,10,39,3,0,0,0,0,0,0,0,0//MC_VENDING	#露店開設#
18,42,10,0,0,0,0,0,0,0,0,0,0//MC_MAMMONITE	#メマーナイト#
18,153,1,0,0,0,0,0,0,0,0,0,0//MC_CARTREVOLUTION	#カートレボリューション#
18,154,1,0,0,0,0,0,0,0,0,0,0//MC_CHANGECART	#チェンジカート#
18,155,1,0,0,0,0,0,0,0,0,0,0//MC_LOUD		#ラウドボイス#
18,2,10,0,0,0,0,0,0,0,0,0,0//SM_SWORD		#剣修練#
18,226,10,0,0,0,0,0,0,0,0,0,0//AM_AXEMASTERY	#斧修練#
18,227,10,0,0,0,0,0,0,0,0,0,0//AM_LERNINGPOTION	#ラーニングポーション#
18,228,10,227,5,0,0,0,0,0,0,0,0//AM_PHARMACY	#ファーマシー#
18,229,5,228,4,0,0,0,0,0,0,0,0//AM_DEMONSTRATION#デモンストレーション#
18,230,5,228,5,0,0,0,0,0,0,0,0//AM_ACIDTERROR	#アシッドテラー#
18,231,5,228,3,0,0,0,0,0,0,0,0//AM_POTIONPITCHER#ポーションピッチャー#
18,232,5,228,6,0,0,0,0,0,0,0,0//AM_CANNIBALIZE	#バイオプラント#
18,233,5,228,2,0,0,0,0,0,0,0,0//AM_SPHEREMINE	#スフィアーマイン#
18,234,5,236,3,0,0,0,0,0,0,0,0//AM_CP_WEAPON	#ケミカルウェポンチャージ#
18,235,5,237,3,0,0,0,0,0,0,0,0//AM_CP_SHIELD	#ケミカルシールドチャージ#
18,236,5,235,3,0,0,0,0,0,0,0,0//AM_CP_ARMOR	#ケミカルアーマーチャージ#
18,237,5,228,2,0,0,0,0,0,0,0,0//AM_CP_HELM	#ケミカルヘルムチャージ#
// 韓国でも未実装なので以下のツリーコメントアウト
//18,238,1,0,0,0,0,0,0,0,0,0,0//AM_BIOETHICS		#生命倫理#
//18,239,10,238,1,0,0,0,0,0,0,0,0//AM_BIOTECHNOLOGY	#生命工学研究#
//18,240,5,239,7,0,0,0,0,0,0,0,0//AM_CREATECREATURE	#被造物創造#
//18,241,5,242,3,243,1,0,0,0,0,0,0//AM_CULTIVATION	#カルトベイション#
//18,242,5,239,3,0,0,0,0,0,0,0,0//AM_FLAMECONTROL	#フレームコントロール#
//18,243,1,244,1,0,0,0,0,0,0,0,0//AM_CALLHOMUN		#コールホムンクルス#
//18,244,1,239,5,0,0,0,0,0,0,0,0//AM_REST		#安息#
//18,245,10,246,3,0,0,0,0,0,0,0,0//AM_DRILLMASTER	#ドリルマスター#
//18,246,10,241,5,0,0,0,0,0,0,0,0//AM_HEALHOMUN		#ヒールホムンクルス#
//18,247,10,246,5,0,0,0,0,0,0,0,0//AM_RESURRECTHOMUN	#リザレクションホムンクルス#
// Bard
19,1,9,0,0,0,0,0,0,0,0,0,0//NV_BASIC		#基本スキル#
19,142,1,0,0,0,0,0,0,0,0,0,0//NV_FIRSTAID	#応急手当#
19,43,10,0,0,0,0,0,0,0,0,0,0//AC_OWL		#ふくろうの目#
19,44,10,43,3,0,0,0,0,0,0,0,0//AC_VULTURE	#ワシの目#
19,45,10,44,1,0,0,0,0,0,0,0,0//AC_CONCENTRATION	#集中力向上#
19,46,10,0,0,0,0,0,0,0,0,0,0//AC_DOUBLE		#ダブルストレイフィング#
19,47,10,46,5,0,0,0,0,0,0,0,0//AC_SHOWER	#アローシャワー#
19,147,1,0,0,0,0,0,0,0,0,0,0//AC_MAKINGARROW	#矢作成#
19,148,1,0,0,0,0,0,0,0,0,0,0//AC_CHARGEARROW	#チャージアロー#
19,315,10,0,0,0,0,0,0,0,0,0,0//BA_MUSICALLESSON		#楽器の練習#
19,316,5,315,3,0,0,0,0,0,0,0,0//BA_MUSICALSTRIKE	#ミュージカルストライク#
19,317,5,315,1,304,1,0,0,0,0,0,0//BA_DISSONANCE		#不協和音#
19,318,5,305,1,0,0,0,0,0,0,0,0//BA_FROSTJOKE		#寒いジョーク#
19,319,10,317,3,0,0,0,0,0,0,0,0//BA_WHISTLE		#口笛#
19,320,10,317,3,0,0,0,0,0,0,0,0//BA_ASSASSINCROSS	#夕陽のアサシンクロス#
19,321,10,317,3,0,0,0,0,0,0,0,0//BA_POEMBRAGI		#ブラギの詩#
19,322,10,317,3,0,0,0,0,0,0,0,0//BA_APPLEIDUN		#イドゥンの林檎#
19,304,1,0,0,0,0,0,0,0,0,0,0//BD_ADAPTATION		#アドリブ
19,305,1,304,1,0,0,0,0,0,0,0,0//BD_ENCORE		#アンコール#
19,306,1,319,10,0,0,0,0,0,0,0,0//BD_LULLABY		#子守歌#
19,307,5,313,3,0,0,0,0,0,0,0,0//BD_RICHMANKIM		#ニヨルドの宴#
19,308,1,311,1,0,0,0,0,0,0,0,0//BD_ETERNALCHAOS		#永遠の混沌#
19,309,5,322,10,0,0,0,0,0,0,0,0//BD_DRUMBATTLEFIELD	#戦太鼓の響き#
19,310,5,309,3,0,0,0,0,0,0,0,0//BD_RINGNIBELUNGEN	#ニーベルングの指輪#
19,311,1,320,10,0,0,0,0,0,0,0,0//BD_ROKISWEIL		#ロキの叫び#
19,312,1,306,1,0,0,0,0,0,0,0,0//BD_INTOABYSS		#深淵の中に#
19,313,5,321,10,0,0,0,0,0,0,0,0//BD_SIEGFRIED		#不死身のジークフリード#
19,314,1,312,1,308,1,0,0,0,0,0,0//BD_RAGNAROK		#ラグナロク#
// Dancer
20,1,9,0,0,0,0,0,0,0,0,0,0//NV_BASIC		#基本スキル#
20,142,1,0,0,0,0,0,0,0,0,0,0//NV_FIRSTAID	#応急手当#
20,43,10,0,0,0,0,0,0,0,0,0,0//AC_OWL		#ふくろうの目#
20,44,10,43,3,0,0,0,0,0,0,0,0//AC_VULTURE	#ワシの目#
20,45,10,44,1,0,0,0,0,0,0,0,0//AC_CONCENTRATION	#集中力向上#
20,46,10,0,0,0,0,0,0,0,0,0,0//AC_DOUBLE		#ダブルストレイフィング#
20,47,10,46,5,0,0,0,0,0,0,0,0//AC_SHOWER	#アローシャワー#
20,147,1,0,0,0,0,0,0,0,0,0,0//AC_MAKINGARROW	#矢作成#
20,148,1,0,0,0,0,0,0,0,0,0,0//AC_CHARGEARROW	#チャージアロー#
20,323,10,0,0,0,0,0,0,0,0,0,0//DC_DANCINGLESSON		#ダンスの練習#
20,324,10,0,0,0,0,0,0,0,0,0,0//DC_THROWARROW		#矢撃ち#
20,325,5,323,1,304,1,0,0,0,0,0,0//DC_UGLYDANCE		#自分勝手なダンス#
20,326,5,305,1,0,0,0,0,0,0,0,0//DC_SCREAM		#スクリーム#
20,327,10,325,3,0,0,0,0,0,0,0,0//DC_HUMMING		#ハミング#
20,328,10,325,3,0,0,0,0,0,0,0,0//DC_DONTFORGETME	#私を忘れないで…#
20,329,10,325,3,0,0,0,0,0,0,0,0//DC_FORTUNEKISS		#幸運のキス#
20,330,10,325,3,0,0,0,0,0,0,0,0//DC_SERVICEFORYOU	#サービスフォーユー#
20,304,1,0,0,0,0,0,0,0,0,0,0//BD_ADAPTATION		#アドリブ
20,305,1,304,1,0,0,0,0,0,0,0,0//BD_ENCORE		#アンコール#
20,306,1,327,10,0,0,0,0,0,0,0,0//BD_LULLABY		#子守歌#
20,307,5,313,3,0,0,0,0,0,0,0,0//BD_RICHMANKIM		#ニヨルドの宴#
20,308,1,311,1,0,0,0,0,0,0,0,0//BD_ETERNALCHAOS		#永遠の混沌#
20,309,5,330,10,0,0,0,0,0,0,0,0//BD_DRUMBATTLEFIELD	#戦太鼓の響き#
20,310,5,309,3,0,0,0,0,0,0,0,0//BD_RINGNIBELUNGEN	#ニーベルングの指輪#
20,311,1,328,10,0,0,0,0,0,0,0,0//BD_ROKISWEIL		#ロキの叫び#
20,312,1,306,1,0,0,0,0,0,0,0,0//BD_INTOABYSS		#深淵の中に#
20,313,5,329,10,0,0,0,0,0,0,0,0//BD_SIEGFRIED		#不死身のジークフリード#
20,314,1,312,1,308,1,0,0,0,0,0,0//BD_RAGNAROK		#ラグナロク#
// Super Novice
23,1,9,0,0,0,0,0,0,0,0,0,0//NV_BASIC		#基本スキル#
23,142,1,0,0,0,0,0,0,0,0,0,0//NV_FIRSTAID	#応急手当#
23,2,10,0,0,0,0,0,0,0,0,0,0//SM_SWORD		#剣修練#
23,4,10,0,0,0,0,0,0,0,0,0,0//SM_RECOVERY	#HP回復力向上#
23,5,10,0,0,0,0,0,0,0,0,0,0//SM_BASH		#バッシュ#
23,6,10,0,0,0,0,0,0,0,0,0,0//SM_PROVOKE		#プロボック#
23,7,10,5,5,0,0,0,0,0,0,0,0//SM_MAGNUM		#マグナムブレイク#
23,8,10,6,5,0,0,0,0,0,0,0,0//SM_ENDURE		#インデュア#
23,9,10,0,0,0,0,0,0,0,0,0,0//MG_SRECOVERY	#SP回復力向上#
23,10,1,0,0,0,0,0,0,0,0,0,0//MG_SIGHT		#サイト#
23,11,10,0,0,0,0,0,0,0,0,0,0//MG_NAPALMBEAT	#ナパームビート#
23,12,10,11,7,13,5,0,0,0,0,0,0//MG_SAFETYWALL	#セイフティウォール#
23,13,10,11,4,0,0,0,0,0,0,0,0//MG_SOULSTRIKE	#ソウルストライク#
23,14,10,0,0,0,0,0,0,0,0,0,0//MG_COLDBOLT	#コールドボルト#
23,15,10,14,5,0,0,0,0,0,0,0,0//MG_FROSTDIVER	#フロストダイバー#
23,16,10,0,0,0,0,0,0,0,0,0,0//MG_STONECURSE	#ストーンカース#
23,17,10,19,4,0,0,0,0,0,0,0,0//MG_FIREBALL	#ファイアーボール#
23,18,10,17,5,10,1,0,0,0,0,0,0//MG_FIREWALL	#ファイアーウォール#
23,19,10,0,0,0,0,0,0,0,0,0,0//MG_FIREBOLT	#ファイアーボルト#
23,20,10,0,0,0,0,0,0,0,0,0,0//MG_LIGHTNINGBOLT	#ライトニングボルト#
23,21,10,20,4,0,0,0,0,0,0,0,0//MG_THUNDERSTORM	#サンダーストーム#
23,22,10,0,0,0,0,0,0,0,0,0,0//AL_DP		#ディバインプロテクション#
23,23,10,22,3,0,0,0,0,0,0,0,0//AL_DEMONBANE	#デーモンベイン#
23,24,1,0,0,0,0,0,0,0,0,0,0//AL_RUWACH		#ルアフ#
23,25,1,27,4,0,0,0,0,0,0,0,0//AL_PNEUMA		#ニューマ#
23,26,2,24,1,0,0,0,0,0,0,0,0//AL_TELEPORT	#テレポート#
23,27,4,26,2,0,0,0,0,0,0,0,0//AL_WARP		#ワープポータル#
23,28,10,0,0,0,0,0,0,0,0,0,0//AL_HEAL		#ヒール#
23,29,10,28,3,0,0,0,0,0,0,0,0//AL_INCAGI	#速度増加#
23,30,10,29,1,0,0,0,0,0,0,0,0//AL_DECAGI	#速度減少#
23,31,1,0,0,0,0,0,0,0,0,0,0//AL_HOLYWATER	#アクアベネディクタ#
23,32,10,23,3,0,0,0,0,0,0,0,0//AL_CRUCIS	#シグナムクルシス#
23,33,10,22,3,0,0,0,0,0,0,0,0//AL_ANGELUS	#エンジェラス#
23,34,10,22,5,0,0,0,0,0,0,0,0//AL_BLESSING	#ブレッシング#
23,35,1,0,0,0,0,0,0,0,0,0,0//AL_CURE		#キュアー#
23,36,10,0,0,0,0,0,0,0,0,0,0//MC_INCCARRY	#所持限界量増加#
23,37,10,36,3,0,0,0,0,0,0,0,0//MC_DISCOUNT	#ディスカウント#
23,38,10,37,3,0,0,0,0,0,0,0,0//MC_OVERCHARGE	#オーバーチャージ#
23,39,10,36,5,0,0,0,0,0,0,0,0//MC_PUSHCART	#プッシュカート#
23,40,1,0,0,0,0,0,0,0,0,0,0//MC_IDENTIFY	#アイテム鑑定#
23,41,10,39,3,0,0,0,0,0,0,0,0//MC_VENDING	#露店開設#
23,42,10,0,0,0,0,0,0,0,0,0,0//MC_MAMMONITE	#メマーナイト#
23,43,10,0,0,0,0,0,0,0,0,0,0//AC_OWL		#ふくろうの目#
23,44,10,43,3,0,0,0,0,0,0,0,0//AC_VULTURE	#ワシの目#
23,45,10,44,1,0,0,0,0,0,0,0,0//AC_CONCENTRATION	#集中力向上#
23,48,10,0,0,0,0,0,0,0,0,0,0//TF_DOUBLE		#ダブルアタック#
23,49,10,0,0,0,0,0,0,0,0,0,0//TF_MISS		#回避率増加#
23,50,10,0,0,0,0,0,0,0,0,0,0//TF_STEAL		#スティール#
23,51,10,50,5,0,0,0,0,0,0,0,0//TF_HIDING	#ハイディング#
23,52,10,0,0,0,0,0,0,0,0,0,0//TF_POISON		#インベナム#
23,53,1,52,3,0,0,0,0,0,0,0,0//TF_DETOXIFY	#解毒#
//Wedding Class
22,1,9,0,0,0,0,0,0,0,0,0,0,0,0//NV_BASIC		#基-{スキル#
22.334,1,0,0,0,0,0,0,0,0,0,0,0
22,335,5,0,0,0,0,0,0,0,0,0,0,0//
22,336,5,0,0,0,0,0,0,0,0,0,0,0//
